nohup: ignoring input
 /home/chenhengrui/anaconda3/envs/QCfDD/lib/python3.9/site-packages/pyscf/dft/libxc.py:772: UserWarning:Since PySCF-2.3, B3LYP (and B3P86) are changed to the VWN-RPA variant, the same to the B3LYP functional in Gaussian and ORCA (issue 1480). To restore the VWN5 definition, you can put the setting "B3LYP_WITH_VWN5 = True" in pyscf_conf.py
 /home/chenhengrui/anaconda3/envs/QCfDD/lib/python3.9/site-packages/qiskit_nature/deprecation.py:297: PauliSumOpDeprecationWarning:PauliSumOp is deprecated as of version 0.6.0 and support for them will be removed no sooner than 3 months after the release. Instead, use SparsePauliOp. You can switch to SparsePauliOp immediately, by setting `qiskit_nature.settings.use_pauli_sum_op` to `False`.
number of qubits: 12
important_terms:  [0, 1, 2, 26, 38, 46, 60, 61, 124, 172, 204, 216, 631]
imp_coeffs:  [-51.11390716737983, 1.6634978319040599, 12.416208273908916, 1.3217797467594685, 1.3515015013829514, 1.3515015013829519, 12.416208273908916, 1.1874426099868391, 1.6634978319040599, 1.3217797467594687, 1.351501501382951, 1.3515015013829519, 4.36537496654537] 
 imp_paulis ['IIIIIIIIIIII', 'IZIIIIIIIIII', 'ZIIIIIIIIIII', 'IIZIIIIIIIII', 'IIIZIIIIIIII', 'IIIIZIIIIIII', 'IIIIIIZIIIII', 'ZIIIIIZIIIII', 'IIIIIIIZIIII', 'IIIIIIIIZIII', 'IIIIIIIIIZII', 'IIIIIIIIIIZI', 'IIIIIIIIIIII']
all circs run!
imp_expectations:  [1.0, -0.23520000000000094, 0.03120000000000032, -0.8084000000000015, 0.3539999999999998, -0.019200000000001046, 0.7032000000000006, 0.15120000000000033, 0.8236000000000011, 0.4960000000000009, 0.34399999999999975, 0.4996000000000007, 1.0]
unmitigated_imp_expectations: [0.21120000000000005, 0.17320000000000002, -0.22160000000000002, 0.26239999999999997, 0.26160000000000005, 0.12440000000000001, 0.030399999999999983, 0.05400000000000005, 0.0464, 0.052000000000000046, 0.012799999999999978]
trivial_expectations:  [0.23199999999999998, -0.0040000000000000036, -0.061999999999999986, 0.03, -0.04399999999999997, -0.068, 0.01600000000000002, 0.02799999999999997, 0.03199999999999999, -0.016, -0.032, 0.04800000000000003, 0.014000000000000012, 0.02999999999999998, -0.012000000000000014, -0.020000000000000018, -0.04800000000000001, -0.01799999999999997, 0.044, 0.03200000000000002, 0.006000000000000009, 0.05600000000000001, 0.010000000000000012, -0.03200000000000003, -0.015999999999999966, 0.0, 0.016000000000000007, -0.076, -0.006000000000000005, -0.028000000000000025, -0.008000000000000007, -1.3877787807814457e-17, -0.022000000000000013, 0.04400000000000002, -0.015999999999999986, -0.032000000000000015, 0.04200000000000001, 0.04399999999999999, -2.7755575615628914e-17, -0.009999999999999992, 0.01600000000000001, 0.01200000000000001, 0.008000000000000007, 0.011999999999999955, 0.014000000000000005, 0.008000000000000014, 0.016, -0.007999999999999993, 0.13999999999999996, -0.034, -0.008000000000000021, -0.041999999999999996, 0.022000000000000006, -0.004000000000000045, 0.008000000000000035, 0.02400000000000002, 0.011999999999999997, 3.469446951953614e-17, -0.044000000000000004, 0.003999999999999997, 0.03200000000000003, 0.011999999999999997, 0.02400000000000002, 0.02999999999999997, -0.02800000000000001, -0.008000000000000007, -0.018000000000000016, 0.066, -0.06400000000000002, 0.010000000000000044, 0.019999999999999997, -0.00999999999999996, 0.03200000000000001, 0.004, -0.011999999999999981, -0.03399999999999999, -0.003999999999999976, 0.02399999999999998, -0.018000000000000016, 0.011999999999999997, -0.014000000000000005, -0.06200000000000003, -0.032, -0.016000000000000045, 0.015999999999999997, 0.03200000000000001, -0.024, 0.013999999999999993, 0.007999999999999993, 0.03399999999999993, -0.009999999999999986, -0.02399999999999997, 0.03399999999999998, 0.020000000000000004, -0.03599999999999998, 0.04, -0.01000000000000004, 0.016000000000000014, 0.04, 0.022000000000000037, -0.014000000000000007, 0.029999999999999992, 0.046, 0.021999999999999978, -0.033999999999999975, 0.03400000000000007, 0.02000000000000004, -0.019999999999999983, 0.028, -0.003999999999999983, 0.04200000000000002, -0.003999999999999986, 0.023999999999999987, -0.022000000000000006, 0.03600000000000002, 0.046000000000000006, -0.016000000000000014, -0.02799999999999997, 0.012000000000000038, 0.006000000000000005, -0.04200000000000001, 0.007999999999999983, -0.0040000000000000435, 0.016000000000000014, -0.004000000000000031, -0.08200000000000007, -0.005999999999999978, -0.0040000000000000036, 0.023999999999999987, -0.049999999999999996, 0.03600000000000003, 0.023999999999999976, 0.025999999999999978, 0.008000000000000014, 0.00600000000000004, -0.009999999999999998, -0.0020000000000000018, -0.05599999999999995, -0.03999999999999998, 0.027999999999999997, -0.001999999999999981, 0.06599999999999998, 0.014000000000000014, 0.024, -0.010000000000000004, -0.026000000000000006, 0.024000000000000007, -0.07799999999999999, 0.009999999999999993, 0.016, -0.06000000000000003, -0.020000000000000028, 0.019999999999999983, 0.028000000000000004, 0.024000000000000014, -0.04199999999999998, 0.076, -0.0020000000000000096, 0.008000000000000024, -0.003999999999999972, 0.017999999999999995, 0.009999999999999997, 0.016, 0.005999999999999978, -0.0040000000000000036, 0.0040000000000000036, 0.037999999999999985, 0.022, -0.01000000000000002, -0.035999999999999976, -0.017999999999999967, 0.028000000000000004, -0.011999999999999997, 0.024000000000000042, -0.053999999999999965, 0.04399999999999998, -0.040000000000000015, 0.04, -0.003999999999999969, -0.06000000000000001, -0.06599999999999999, 0.020000000000000018, -0.021999999999999995, 0.048000000000000015, -0.06800000000000002, 0.017999999999999967, -0.01200000000000001, 0.006000000000000009, -0.005999999999999993, -0.009999999999999998, -0.008000000000000021, -0.05600000000000001, -0.03199999999999998, 0.033999999999999996, 0.016000000000000014, -0.04600000000000004, 0.030000000000000027, 0.016000000000000014, -0.022, -0.04199999999999999, 0.0040000000000000304, 0.025999999999999985, 0.002000000000000013, -0.036000000000000004, -0.03399999999999999, -0.05200000000000002, 0.06000000000000004, 0.01799999999999996, -0.019999999999999983, -0.0020000000000000018, 0.0020000000000000026, -0.007999999999999976, 0.01200000000000001, -0.004000000000000011, 0.054000000000000006, -0.045999999999999965, -0.040000000000000036, -0.004000000000000031, -2.7755575615628914e-17, 0.006000000000000005, -0.02599999999999998, 0.028000000000000025, 0.009999999999999995, 8.673617379884035e-19, -0.088, -0.005999999999999995, -0.005999999999999995, 0.03399999999999999, 0.046000000000000006, -0.03200000000000003, -0.04199999999999997, 0.018000000000000044, -0.08800000000000001, -0.0020000000000000018, -0.052000000000000046, -0.009999999999999953, 0.006000000000000005, -0.013999999999999985, -0.005999999999999964, -0.0020000000000000018, -0.05400000000000006, 0.06599999999999998, 0.01999999999999999, -0.008000000000000021, -0.010000000000000009, 0.007999999999999993, 0.016, 0.028000000000000025, 0.004000000000000017, 0.006000000000000005, 0.040000000000000036, 0.010000000000000009, -0.005999999999999998, -0.05599999999999998, -0.001999999999999987, 0.009999999999999974, 0.030000000000000027, 3.469446951953614e-17, -0.03599999999999999, -0.027999999999999966, 0.04399999999999996, -0.059999999999999984, -0.006000000000000002, -0.014000000000000047, -0.05000000000000002, 0.014000000000000033, -0.07800000000000003, 0.00800000000000002, -0.0020000000000000035, -0.01800000000000001, 0.00799999999999999, -0.06800000000000003, 0.003999999999999981, -0.015999999999999993, -0.025999999999999964, 0.01599999999999999, -0.013999999999999974, -0.056, -0.025999999999999943, -0.023999999999999983, -0.028, -0.011999999999999995, 0.048000000000000015, -0.01199999999999999, -0.00999999999999999, -0.034, 0.032000000000000015, 0.039999999999999994, -0.02200000000000004, -0.066, -0.004000000000000031, 0.00799999999999998, 0.032000000000000015, 0.014000000000000026, 0.024000000000000014, -0.003999999999999983, -0.046, 0.020000000000000028, 0.05999999999999998, 0.02600000000000001, 0.03800000000000001, -0.020000000000000004, 0.01600000000000001, 0.014000000000000005, -0.012000000000000018, 0.023999999999999962, 0.016, 0.03999999999999993, -0.01800000000000001, -0.06399999999999997, 0.03799999999999999, -0.019999999999999987, 0.04600000000000001, -0.028000000000000018, -0.005999999999999988, -0.01399999999999997, 0.038000000000000034, 0.04600000000000003, -0.021999999999999992, 0.011999999999999997, 0.008000000000000007, -0.007999999999999981, 0.030000000000000027, -0.03800000000000001, -0.04999999999999996, 0.018000000000000016, -0.008000000000000018, 0.016, -0.019999999999999952, 0.006000000000000008, -0.007999999999999991, -0.057999999999999996, -0.01800000000000004, 0.006000000000000052, 0.034, 0.04200000000000001, 0.01199999999999993, -0.048, 0.014000000000000023, -0.006000000000000014, -0.012, 0.03799999999999998, -0.006000000000000005, -0.02400000000000002, -0.013999999999999988, -0.02599999999999998, -0.018000000000000023, -0.007999999999999998, 0.07399999999999998, 0.026000000000000002, -0.01200000000000001, -0.0020000000000000157, 0.0040000000000000036, -0.018000000000000037, 0.05399999999999999, 0.008000000000000023, 0.02200000000000002, 0.021999999999999985, 0.006000000000000021, 0.04999999999999993, 0.03400000000000003, 0.029999999999999985, -0.018000000000000023, -0.029999999999999978, -0.01999999999999999, 0.053999999999999965, -0.054000000000000034, -0.06, -0.04599999999999997, -0.043999999999999956, 0.008000000000000007, -0.006000000000000005, -0.010000000000000037, -0.00800000000000001, 0.032, 0.019999999999999962, -0.025999999999999975, 0.03800000000000002, -0.05600000000000001, -0.016000000000000007, 0.046, -0.013999999999999999, -0.038000000000000006, 0.03800000000000002, 0.00600000000000001, 0.06600000000000002, -0.028000000000000018, 0.027999999999999994, -0.009999999999999959, 0.007999999999999969, -0.04600000000000001, -0.020000000000000004, -0.03599999999999999, 0.004000000000000009, -0.021999999999999995, -0.061999999999999986, -0.06799999999999999, 0.012000000000000018, 0.0040000000000000235, 0.008000000000000004, -0.04999999999999999, 0.02800000000000004, -0.04600000000000003, -0.008000000000000007, -0.03400000000000003, -0.013999999999999988, -0.011999999999999997, 0.015999999999999997, -0.008000000000000016, 0.03800000000000006, -0.008000000000000007, -0.016000000000000018, 0.034, 0.008000000000000028, -0.041999999999999996, 0.013999999999999974, -0.062, 0.03199999999999997, -0.027999999999999997, 0.03999999999999996, -0.05400000000000005, 0.006000000000000009, -0.0020000000000000183, -0.0040000000000000036, -0.03600000000000003, 0.06399999999999999, 0.016000000000000007, -0.01399999999999997, -0.068, -0.0020000000000000018, -0.03600000000000001, 0.04599999999999997, 0.021999999999999992, -0.021999999999999992, -0.030000000000000002, -0.0040000000000000036, -0.032, -0.019999999999999945, -0.011999999999999983, 0.02800000000000001, 0.023999999999999994, -0.01199999999999999, 0.05399999999999999, -0.022000000000000002, -0.017999999999999988, 0.003999999999999986, -0.026000000000000023, 0.03600000000000003, 0.018, 0.026000000000000002, -0.013999999999999978, 0.02999999999999998, -0.038000000000000006, 0.025999999999999985, 0.008000000000000007, -0.007999999999999972, 0.001999999999999974, -0.08600000000000002, 0.07800000000000001, 0.003999999999999948, 0.013999999999999985, -0.005999999999999978, -0.02200000000000002, 0.07200000000000001, -0.012000000000000002, -2.949029909160572e-17, -0.0020000000000000087, -0.059999999999999984, 0.03600000000000002, -0.02800000000000003, 0.03200000000000003, 0.04200000000000004, 0.006000000000000047, -0.01800000000000001, -0.010000000000000026, 0.027999999999999994, -0.02800000000000002, 0.01600000000000003, -1.3877787807814457e-17, -0.018000000000000016, -0.04799999999999997, 0.024, 0.03799999999999999, -0.017999999999999985, 0.029999999999999985, -0.0019999999999999914, -0.008000000000000007, -0.008, 0.03400000000000002, 6.938893903907228e-18, -0.003999999999999983, -0.04999999999999999, 0.05399999999999997, -0.01999999999999999, -0.044, -0.006000000000000005, 0.0, 0.03600000000000003, 0.06399999999999995, 0.0040000000000000036, -0.018000000000000002, 0.008000000000000014, 0.046, 0.06199999999999991, 0.014000000000000016, -0.016000000000000007, -0.035999999999999976, -0.041999999999999996, -0.03999999999999999, -0.010000000000000009, 0.010000000000000023, 0.013999999999999985, -0.018000000000000006, -0.05000000000000002, -0.007999999999999998, -0.028000000000000025, 0.009999999999999997, 0.06400000000000004, 0.064, -3.469446951953614e-17, -0.038000000000000006, 0.07800000000000004, -0.05400000000000003, -0.05199999999999998, 0.06800000000000005, -0.057999999999999996, -0.018000000000000044, 0.007999999999999972, -0.05200000000000006, -0.05400000000000001, 0.013999999999999957, 0.09799999999999998, 0.06999999999999995, -0.04199999999999998, 0.059999999999999984, -0.033999999999999996, 0.046, -0.00799999999999998, 0.04799999999999999, 0.016000000000000014, -0.06800000000000003, 0.027999999999999997, 2.949029909160572e-17, -0.01000000000000005, 0.021999999999999964, -0.00999999999999996, -0.022000000000000006, 0.01599999999999996, 0.0020000000000000018, -0.007999999999999952, 0.05600000000000002, 0.011999999999999927, 0.01200000000000001, 0.03199999999999997, 0.008000000000000002, 0.07399999999999995, -0.018000000000000016, -0.016000000000000004, 0.027999999999999983, 0.036000000000000025, -0.018000000000000016, -0.004000000000000012, 0.01999999999999999, 6.938893903907228e-18, -0.030000000000000013, 0.0020000000000000018, 0.03999999999999998, 0.031999999999999994, -0.014000000000000012, 0.026000000000000023, 0.03799999999999999, 0.03400000000000001, 0.026000000000000023, 0.04999999999999999, -0.0020000000000000018, -0.009999999999999995, -0.030000000000000013, -0.04199999999999997, -0.033999999999999975, 0.02799999999999997, -0.02400000000000002, 0.05400000000000005, -0.00399999999999999, -0.003999999999999997, 0.03799999999999999, -0.10800000000000001, 0.0020000000000000295, 0.064, 0.0040000000000000036, 0.022000000000000013, -0.011999999999999914, 0.08000000000000002, -0.008000000000000021, -0.013999999999999995, -0.014000000000000012, -0.05999999999999997, 0.033999999999999975, 0.006000000000000005, 0.03200000000000003, -0.03599999999999999, 0.049999999999999996, 0.08000000000000002, 0.006000000000000019, -0.018000000000000002, -0.012000000000000018, 0.04199999999999999, -0.050000000000000044, -0.006000000000000005, -0.030000000000000027, 0.14799999999999996, 0.006000000000000005, -0.06, 0.04600000000000001, -0.006000000000000005, -0.011999999999999983, 0.016000000000000014, 0.023999999999999994, -0.03399999999999992, 0.010000000000000009]
important energy: -35.29204002121139 trivial energy: 0.23406185366226728 total energy: -35.05797816754912
