-72.03990843871532
-47.731775052584105
-47.899935902384705
-47.27712154124253
-47.46525631865585
-45.22165810625971
-46.781268864324204
-46.71577436203539
-46.7946329556939
-46.9730886599857
-44.44845897188955
-45.64436692176655
-46.261422446128215
-48.003448616378414
-46.691603680942954
-58.09519500213381
-37.459355234868234
-46.05554626013179
-44.67827686837784
-60.62059429843859
-59.7925437026065
-34.33232392692555
-46.67467648704091
-45.79458333102451
-48.592936915763495
-47.996143570694045
-46.92889034638491
-46.3076005176388
-46.871079902954236
-48.51595847700147
-46.84740882773044
-46.77311874021278
-46.741766795966775
-47.01512019820056
-46.26778620661358
-46.63978269350098
-48.5641838878289
-31.601332386547966
-59.905754667969724
-34.41549684934537
-46.56942326995421
-46.9306584230592
-46.70889927181912
-47.27096761902821
-48.90608318048992
-42.879218694509184
-48.53314145948089
-45.55800345413592
-46.53073336748794
-47.14387369767496
-45.07550692213324
-45.47403054003625
-46.19176137190065
-48.14456281765969
-47.80050305304083
-45.3931577340707
-47.69697390030268
-46.74491362878648
-46.73509107608351
-47.261863449842465
-46.70764382218975
-46.701114496128056
-46.9242590561046
-48.03816654386017
-46.623785764038395
-47.897382186373086
-46.765880701188195
-47.19445347739773
-47.539112110958115
-45.7322216412198
-44.547914145419185
-35.46387318295819
-48.23465811543209
-45.8502124176167
-49.126596746011096
-47.38814599773401
-46.50497517446636
-48.115725481250024
-47.911008648645485
-46.8681557438473
-44.222871299986856
-46.958852111871025
-47.66533049449496
-34.33042743620651
-46.83466374443721
-48.37559044360454
-46.748532200834475
-46.76743152274311
-48.80477472497142
-46.10770114264085
-47.31690465954484
-46.5428822275478
-48.21210987154751
-46.86911168925984
-59.15375958247381
-46.49879183914965
-45.878975822559525
-46.52368928281132
-47.43711908380964
-46.36179750018452
-47.47843420829524
-43.83703726929133
-46.54741062126298
-46.80875244556368
-59.88003185553706
-48.90335920709707
-48.356206129396355
-46.69303565768966
-47.047208843666
-45.42675245407499
-45.242296014570016
-46.71899919379262
-45.26680319685134
-48.08766044794767
-46.74650042878726
-47.27349528418287
-48.14313986535299
-46.63500305236509
-45.009251914830216
-47.0519032115462
-48.04440161288525
-48.59496396872603
-44.69716170322842
-47.90494251308445
-46.86222163395845
-46.78290869764175
-45.39712024903664
-46.98990139092379
-47.02091775651217
-48.58433512498792
-48.2029045887614
-45.40573399739268
-46.748532200834475
-46.60405654344334
-47.049695163383994
-43.122372917554266
-48.54117774519442
-36.83366061345567
-46.750872252807966
-46.11116710220168
-46.675522480773694
-47.284697421942504
-60.13541351869203
-46.751587825286165
-45.13014632931141
-45.68235781193599
-47.80724626798517
-46.78071728153804
-46.51869175599504
-36.22955714092365
-33.64133576912451
-46.61930750999655
-34.562428412613414
-47.04525819382751
-45.955730797316
-46.74769609591978
-48.12879649646556
-46.50357598763894
-45.23442269875806
-46.70489944348496
-62.21645505035335
-48.24245860350754
-45.97781463353161
-46.283103188257755
-47.46623409295874
-59.12773598188499
-47.271790647422556
-46.913000410884145
-45.69254775494603
-58.534928108762394
-48.17044122006482
-49.25563108744945
-48.20262630076839
-46.73982890289331
-46.778446028969405
-45.52913686616099
-34.16377779940757
-34.47287016410637
-47.44564987514802
-46.791984806376874
-47.08562445587043
-49.28015970081468
-46.029855058045854
-48.24228458847735
-46.71577436203539
-22.53978516362065
-45.72989115944094
-48.25188430312756
-46.89412433298621
-46.558760441399734
-43.82188962555012
-48.09602254171008
-46.75698450877054
-46.849515039400515
-46.52926717014187
-46.93404378583387
-46.8747185210868
-45.960645001314354
-47.33164946259076
-47.66344876788146
-47.00550139254339
-46.748532200834475
-46.748532200834475
-48.768464885283954
-47.0196644435684
-47.6331989964756
-47.91709100181895
-58.11958069932847
-46.553037948305814
-46.4952676743216
-47.57469931491778
-35.04428246171462
-34.51678036643052
-33.54621683906679
-32.18205344110315
-44.00437777954968
-46.81407241503755
-46.60578633832262
-49.57491465346825
-46.145789272126706
-44.25275552208083
-46.78314752843349
-45.90143077176883
-34.23284386871071
-46.94211460211531
-48.71412543825618
-46.66383143832729
-47.86966454608624
-31.740794389415267
-47.02091775651217
-46.877596905209046
-34.23011179517305
-46.81127942137288
-46.7950812123582
-46.226250763175656
-46.94441453854447
-47.45712218912391
-46.71242432224371
-46.83662334250445
-46.73537239790258
-59.04414444844625
-56.35235145185245
-46.29532973711673
-49.12067468029148
-43.82430917893783
-59.45451881473974
-60.71965572457543
-46.62795271240911
-48.36967154680269
-34.59075207846203
-47.59467542305019
-47.86094448934144
-45.93644387446296
-43.61587030994918
-46.75050041452887
-46.579304214603425
-45.67619171174875
-46.97738404195323
-47.44672076059202
-45.9230486177554
-46.92559088352119
-47.98698090633454
-48.06992168775327
-49.15643860452197
-47.79749415486354
-48.41390869684782
-47.53080862065884
-46.721615541110616
-50.035907690132674
-45.14335407654592
-48.90263004389294
-43.89007117299056
-46.61593955966703
-46.03964604186423
-45.8124643906717
-46.51168113658742
-46.67407756288506
-45.39595070084367
-44.97874421024873
-47.25640947968175
-47.3502013446822
-47.95923645973793
-47.96317452805453
-48.16680561768985
-45.085034368930415
-47.01994921489642
-46.74854046180186
-45.48974421936309
-46.93564186583258
-46.8975173969431
-47.77311159983664
-46.79075999031308
-34.51973062623381
-46.612108123401356
-46.755356834666344
-46.760058879118574
-48.130886789330084
-46.59576763170554
-46.8430141122365
-46.63081942383133
-60.235967989106776
-48.105245012275894
-46.77255510870987
-46.49770746323151
-57.82003000787376
-44.52307773995891
-45.37557825968454
-48.35192600132325
-48.125374216620784
-48.134245864614876
-46.75428383032458
-47.642055455222106
-48.67954895414882
-48.54392198151153
-45.38633310023883
-48.089675827349375
-47.115358098939204
-47.583443848079604
-46.85420190167663
-45.51116189278471
-59.184809007611705
-45.299785940331105
-47.837468798332466
-44.54831353994375
-46.85941697170331
-46.717750787119606
-47.60288597040244
-47.50284298509347
-46.699148786992
-45.872695548668645
-46.18758441980559
-45.88485908347929
-59.27725154789859
-46.495360071241656
-46.771646748197114
-44.5937741152452
-41.9877716192512
-46.900759009489285
-48.412030032738535
-46.067148435121176
-58.944171200697106
-47.339815146433715
-46.940340357168495
-48.22553356619865
-46.506943388160764
-34.342399805943465
-49.14842024799128
-46.748532200834475
-46.73772155901298
-46.65570304376066
-58.10288399656857
-58.61978036867127
-46.739828902893315
-58.167337079066805
-48.441011164865486
-59.23140219636009
-47.94262217694138
-45.46710217080494
-46.48228322802713
-49.480615679085545
-46.751124394853015
-46.66640064297336
-46.01785475566325
-45.78896484621236
-46.49879183914965
-59.20984244142003
-35.74255625077666
-46.74344747494131
-45.581041030038726
-35.79301375666304
-43.83595475496662
-46.84721130422837
-59.49014412696993
-45.90571780771109
-45.39515203534223
-46.89227587002295
-47.29346735568173
-46.506943388160764
-47.481509834136034
-47.44672076059202
-47.44672076059202
-46.797913930022595
-48.168170048133994
-47.56381050697274
-46.52929028025337
-48.13088678933008
-32.579180284418115
-48.83843086070267
-45.37696216658321
-45.138250253596595
-46.799539272119894
-47.45712218912391
-47.209362934089285
-45.51629951028987
-47.48618204664989
-45.15149518251081
-46.59058413596307
-36.09425530900468
-48.62602438785899
-60.0247369407441
-46.60611347662866
-46.80875244556368
-45.46349151303192
-35.95808964809548
-48.56570803478566
-46.901296769963395
-49.515441526546525
-47.43530866294532
-46.38324958344424
-46.573505884245854
-44.38298651624346
-48.437679594287474
-58.92372852695156
-45.55737688154804
-46.32308756275754
-60.94755828794853
-46.03993093706378
-47.43160235948773
-46.916483115493286
-34.731065965634414
-46.673297061230954
-59.1647404747434
-47.0896095852307
-58.188168245441375
-35.28469958868425
-46.233653079451734
-46.782418738023196
-46.748532200834475
-46.99394605779015
-47.90176582007597
-34.811739008359204
-58.08159406316048
-59.30116455217653
-48.03794120087266
-44.97766997574314
-46.74146379223824
-44.58605499659152
-46.91519966424316
-48.250768401357305
-47.39563145438521
-46.72022595452004
-46.61153851348888
-45.761877241156995
-46.924605335910016
-44.088594707891616
-46.486922089344205
-48.25207619467936
-47.54232783414975
-47.539726922372274
-46.46660675844609
-47.46883994887354
-47.2634533352191
-47.56381050697275
-44.95609901625585
-45.430056886398184
-44.3073121854991
-31.70129624939184
-46.885449923486256
-46.65487396468925
-47.127959599297654
-59.177873262755654
-46.86663586676438
-45.670176727317184
-48.05457378927208
-59.02610817536035
-33.435677166991674
-47.72870991028544
-46.79871206294539
-35.02043240021818
-47.12855017729008
-46.89407225243643
-46.63648681483843
-36.2416891551336
-49.25164640484372
-46.96279824469648
-48.083762359326414
-56.859176668326235
-47.238290740476536
-46.88045160201551
-48.100033702217424
-46.76142149827224
-44.97028667557135
-43.57126067396248
-46.739990346250266
-46.748532200834475
-47.38620643486848
-58.15228625065484
-59.674942567639405
-46.99827256251929
-48.412030032738535
-59.1667086884378
-46.83675526346906
-46.81072065925808
-47.41260533829033
-47.15810707774143
-46.57267936134754
-46.67946613153133
-33.678009271788355
-46.52929028025337
-46.36595044434087
-72.77713829726585
-59.099957417236
-59.51298063942254
-46.43393230697325
-52.219169246114305
-72.53925497373203
-34.166319400085094
-59.16670868843781
-59.099957417236006
-34.342399805943465
-62.082593447982816
-61.38754408981981
-62.48142016318294
-46.71437890643651
-72.40852336799058
-71.45645443839648
-47.0395364808871
-71.90545476212188
-58.48425452228076
-72.27406969139714
-72.77713829726585
-71.90545476212188
-28.765637469430043
-59.15546274473372
-36.06006312181486
-48.75087956322811
-72.40852336799058
-58.360642071495704
-72.4581022510734
-71.653746435854
-50.03746151394715
-71.06961878510532
-73.12372308665753
-71.28814267768935
-71.5959473658056
-45.304990646715936
-48.94692176770316
-72.97503312476904
-69.37032141961315
-72.97503312476904
-59.099957417236
-48.74796228969967
-72.97503312476904
-57.5812334387675
-62.944890995972585
-72.36632802791124
-61.84262277294562
-72.47179380223561
-59.053239823982295
-72.92929571490501
-73.07435173612089
-73.25646296569762
-71.39742105640487
-72.15646352491436
-72.63896909458497
-72.9810683227756
-59.2295235322508
-71.32054340499727
-61.12412767389755
-72.9810683227756
-47.55207303293935
-72.58499490906185
-72.9810683227756
-46.05222230518621
-72.56732354501295
-70.18517000526131
-68.1035888882592
-69.74551520524236
-71.49145091798414
-72.50637645341752
-69.26290808575679
-71.4292088530223
-69.47544822114106
-71.50915806538356
-70.17368708880787
-73.27700460499314
-49.20971191531351
-63.97853682808592
-71.83935080111078
-73.56422962103987
-72.99564255917387
-59.104846993729105
-71.38781850608906
-58.98538538656008
-72.09358113000764
-48.65487183195187
-70.62386462647369
-68.75620759354405
-70.05298667320616
-70.36132105796193
-48.153615449998426
-71.61129440137138
-61.34555604299798
-71.0385971760839
-62.918266860058296
-73.3672429109172
-59.32764714346911
-73.4935985556045
-73.30304981978017
-45.24894679319032
-63.04887376443497
-73.4935985556045
-71.2089446116289
-73.21070847774241
-73.16927488624532
-73.09249546934362
-59.51801454772664
-73.689875421969
-73.18081021201206
-57.85790718566552
-73.2932846475796
-73.03109678161508
-73.4935985556045
-69.02296916228667
-72.9028838825085
-58.25458138624211
-72.56194572325556
-73.4543201093756
-73.05671339904112
-72.90085346458301
-46.86911168925984
-73.689875421969
-73.5048857496381
-73.54650383185569
-73.80811740722537
-70.39715238111738
-73.21876479678221
-71.64129882702787
-46.5557076531389
-73.75943503775633
-73.689875421969
-73.45559826468738
-46.74663571011544
-71.79668002910674
-73.689875421969
-73.75640273924643
-73.04215084706365
-73.7197877823078
-72.56660270513503
-36.54292497628113
-73.82899465354365
-73.82899465354365
-72.94979957801925
-71.29039620869068
-73.85983207520431
-72.82340071905439
-73.75943503775633
-45.231967142993035
-73.17463504077104
-46.61397134597262
-61.77844368345604
-72.13397522454449
-73.82899465354365
-73.75943503775633
-73.52273982016834
-72.24987192112053
-57.775484958425004
-73.5632136808538
-72.38455879747984
-73.90727652032268
-73.50427564407795
-73.360398549385
-45.42675245407499
-73.8835542977635
-60.61299795526529
-73.73873039280471
-72.44199356121939
-73.85326147481979
-73.82899465354365
-73.34215298213084
-61.668046737953006
-72.47879223669686
-72.43699840190881
-49.457236560042716
-48.121603240318606
-73.13073014149471
-73.90727652032268
-73.0455280125812
-71.95822956687111
-73.68701572482577
-69.54498666713644
-72.72370742483214
-72.94963191476424
-72.40141506807002
-73.85556185234374
-73.80135044167687
-70.67946036481007
-70.09786029160037
-73.90424422181277
-73.8295392522606
-72.09535204694163
-73.02441695720229
-71.83110583266851
-70.85311689683961
-73.56555037267867
-46.6841933654558
-47.45319680735037
-73.33639098714806
-73.8295392522606
-73.8598320752043
-69.56957363630336
-74.2048089484497
-69.57111921845521
-69.07712300372587
-46.67027360835418
-73.70729247460477
-60.46521784824225
-58.92932445045944
-71.8690892263289
-59.42862501427244
-71.88752312561391
-48.129947530352354
-46.61924941446795
-48.49991820790351
-74.05604273438618
-46.94204052332905
-68.9140284472029
-73.83183962978455
-73.9567773377574
-71.69705309452172
-74.05604273438618
-48.651741136943386
-74.2048089484497
-72.47881964664256
-73.25617745242414
-72.61329951014784
-73.88749660686821
-70.04902444525082
-73.91224701558558
-59.12159232838
-72.66406123479513
-73.9567773377574
-73.68471534730182
-72.76741727443267
-73.39787567361614
-72.44764184528405
-69.24566913124386
-46.73337499623988
-70.56205226618346
-73.91224701558558
-69.05761805916974
-73.46425818664092
-70.19746137338376
-73.91224701558558
-69.11007048045353
-73.87583860212274
-73.87583860212274
-74.2048089484497
-71.74058286478763
-71.98063637380926
-73.9567773377574
-73.91224701558558
-74.2048089484497
-73.89299227376534
-44.00738250837855
-58.84321392646777
-73.04552801258123
-60.550728888616646
-73.68776126033627
-74.2048089484497
-71.18335572687687
-60.27361978773067
-45.40447668075484
-47.38214020740782
-56.81631584406213
-73.85326147481979
-70.72974673059029
-47.93268295698728
-71.05226733018058
-73.27280088300725
-72.91191157550662
-71.790792373499
-73.4934273824304
-64.28263107955335
-73.91261614336335
-74.2048089484497
-73.5768922771254
-58.63511806859697
-71.49160626710807
-73.71198715569628
-74.2048089484497
-46.93804214060806
-67.04273638865553
-46.92109669252193
-73.68776126033627
-72.59588063637334
-59.187808469298794
-72.17418176819218
-73.48569116219281
-74.2048089484497
-70.35979653153952
-74.02903521163473
-73.5468682557958
-74.2048089484497
-73.68776126033627
-57.916003413139656
-33.38515664419554
-71.48178388877724
-41.92781223423851
-49.57368999129678
-70.66270601406285
-74.2048089484497
-69.35204527084699
-73.91224701558558
-59.67930869991067
-69.88352447598207
-73.85326147481979
-74.2048089484497
-59.16065926820089
-73.25857626726469
-32.42105394703107
-57.963122661191974
-74.2048089484497
-69.59323917168346
-49.61565274383816
-68.62945748695877
-69.56105876573739
-45.22599584562441
-73.7437008880676
-70.83541036246214
-74.2048089484497
-46.69127799115636
-74.2048089484497
-57.12626631405043
-74.2048089484497
-73.69909785825851
-69.05274122780767
-46.672864066018896
-71.71595312808078
-73.57018426528673
-73.04410881780501
-70.08744758758722
-73.23781837221685
-70.57913819993406
-59.06580412283804
-73.1360902890238
-73.40195029858211
-68.13267897550548
-61.23815993523116
-74.2048089484497
-48.169314864305804
-73.02301160565709
-72.45941405504297
-46.49536007124166
-72.11601416997172
-47.116159270487444
-62.92383676792257
-73.7815705282224
-47.232675187269166
-58.8069060314079
-46.69676688548737
-59.58975158610608
-46.72382986751265
-59.15377740908355
-69.71560137710743
-70.39350613866549
-70.52623380660386
-73.41607920709554
-46.52929028025337
-74.2048089484497
-46.76005887911858
-32.62748345251871
-69.24566913124386
-73.91224701558558
-59.23442555554891
-45.42675245407499
-58.76338419414091
-34.22823313106376
-72.65838635533038
-74.2048089484497
-73.51921513281829
-59.13272838887669
-72.96876999775094
-69.85523275237259
-73.25295819764338
-73.1849626586865
-60.26830134687579
-74.03626282093171
-58.38129484971165
-59.16366943428679
-73.87583860212274
-70.39540262938452
-74.03626282093171
-72.24422300429657
-70.7498152634586
-74.2048089484497
-46.7438332214567
-74.2048089484497
-71.07634635249352
-71.11720428337878
-33.946906397129965
-59.159639123421734
-47.90443172848126
-46.89354929614313
-34.470951766099546
-46.97871369562727
-71.09519712942813
-73.49137949961532
-48.41590299811936
-71.07141673722569
-61.55656558476348
-74.2048089484497
-49.53688917912937
-74.03626282093171
-74.05604273438618
-63.17313975882997
-72.77010630673668
-62.16355278793213
-58.943302636656796
-46.74491362878648
-51.97877625556244
-45.420661527173
-74.2048089484497
-74.2048089484497
-73.44939474370051
-49.43943583653195
-61.389820833093125
-74.2048089484497
-70.02404427754975
-73.7368424065484
-47.198859063016485
-73.23622038064887
-74.2048089484497
-72.18409826021937
-60.92736616555852
-46.86329629774318
-72.93925060748023
-59.74377029658969
-73.70201034679992
-59.82173360120078
-46.547772253457374
-74.03626282093171
-73.54344102817831
-72.88146877190849
-48.255955608808684
-59.16445776931727
-72.35493462198241
-73.65163549752111
-58.18733912131663
-70.11535349306027
-71.94184875806029
-59.304915820094884
-32.65681748836938
-73.50630180918498
-70.84716414055187
-59.640731912166984
-59.39959388125886
-57.76528444152766
-70.59811355275757
-70.05726554674068
-59.279984615557126
-58.152301300816646
-58.87204883252457
-59.11808957248005
-59.278598867377944
-59.06140918951877
-59.15891456147036
-57.84295375486047
-46.72260772956804
-61.34670500090207
-49.597677011616106
-59.81859213436704
-60.89007266552429
-59.14052164123349
-74.2048089484497
-59.05216378139214
-73.91224701558558
-57.32670927984753
-60.24385642044865
-59.16286181063411
-58.694513323186584
-59.36350346927054
-58.26846391852909
-58.63243997657705
-59.31226672735517
-59.584410626888285
-59.67930869991067
-58.246906147971025
-72.1293193810226
-60.45443408618149
-58.80595601528296
-74.00531298907555
-59.15490821462073
-73.49137949961532
-59.210930233839576
-74.2048089484497
-73.87583860212274
-58.863569943951966
-73.00744551694825
-47.935974810821314
-59.03813167010475
-33.09754077441257
-59.1647404747434
-70.93502853232582
-54.4647418642155
-58.08454954065763
-60.09709921408102
-74.2048089484497
-61.05971951438879
-59.18489144933051
-72.03990843871537
-41.06401211565904
-49.284427264449185
-32.40290563222396
-34.464916568093074
-46.38891743652458
-46.890062377711715
-46.506943388160835
-47.5965754650889
-48.65410294252349
-46.3789528753291
-46.67541899490395
-45.25291138000004
-45.279882978934225
-49.23035085895947
-35.78946268709747
-48.10403368795911
-48.10626301340033
-48.11738220257121
-46.69235178518787
-46.78551354141823
-46.92434343792696
-35.89238296155547
-46.74656398714014
-35.44083899041969
-48.18686284768378
-47.34178336012819
-60.27604150115228
-46.77966547170529
-32.569380805651996
-48.69745432171481
-46.831868624141876
-47.123749514247024
-46.28578037846003
-46.77189178370565
-46.22633368643755
-60.71109058613015
-48.08210629299356
-46.972631045145135
-45.25358049644847
-46.74332958177968
-46.712424322243784
-46.94272971182824
-46.227811900376594
-48.25175992655768
-59.11286740860786
-49.99778597658746
-47.846420216435575
-46.73118370048083
-46.729752462524374
-47.932955921386124
-59.37530137696693
-48.57860794656217
-46.34209065101945
-47.947170447585066
-46.83066375869566
-59.08260891688235
-48.1846155998669
-46.2490514774649
-46.43889359700663
-35.742556250776744
-46.46439665051175
-48.19067978528841
-46.876020023283566
-47.864653063947216
-44.62590305822776
-46.78651173313868
-48.832207534631166
-46.696314471108366
-45.050308316437004
-47.17980484291739
-46.28743323212805
-45.255602234756694
-48.25722353451659
-46.473019285098296
-58.133422712131
-48.281341915773424
-47.92788704630391
-48.54755177420366
-34.79549200127055
-46.59175748891814
-46.6673379666677
-36.04098259345094
-61.13887303462228
-35.82297807963759
-44.18611489779488
-46.41519672707502
-46.53189925023547
-59.22851474122341
-59.49993033706146
-34.487545545530324
-48.69818781616091
-46.67243584097999
-58.08793141818648
-46.71577436203547
-46.71541961788192
-47.70616076528032
-47.32308213342338
-46.74948814624708
-46.71634712013098
-47.00774398864295
-46.53375283813031
-59.09995741723607
-47.911688900362186
-45.31902831054963
-46.748532200834546
-44.94260946764038
-44.3686576654551
-46.86377634164827
-45.03254264440772
-46.277215686766716
-45.48478057393942
-46.050343641077
-46.748532200834546
-46.468923738512466
-46.291932453750704
-46.50090819015428
-46.9646355467895
-47.73009765208119
-32.97826560373562
-48.37437100011249
-48.21947305067101
-45.64722157537659
-34.35239245979393
-46.625882618746765
-59.79363987001251
-35.651331882967405
-46.50485640725562
-46.388935824512075
-46.748532200834546
-60.13130712692239
-61.78956455223552
-46.727815750151294
-46.73003900540128
-49.08960174257524
-46.737950238784094
-46.37942161817901
-46.62795271240918
-60.18253271097577
-46.819197362318405
-46.73118370048083
-46.36479793625897
-34.562519838116515
-45.294159812907616
-46.71380614834106
-46.86291027500147
-58.837859133948385
-46.69681620956277
-46.9773840419533
-48.134962452506095
-46.682596210460915
-45.05030831643701
-47.23613536837736
-46.80948420918523
-46.54133264807247
-33.21132844861013
-48.09483108316263
-47.66436537742591
-70.16622587965384
-45.90972723276462
-45.7616645840567
-48.0182310804856
-48.26657571131868
-46.96088696745525
-46.23225684756889
-46.29465527834533
-46.71541961788193
-45.0804831357047
-59.2249127946039
-48.411074087326064
-46.83733539125567
-47.41856569069259
-46.500670503259016
-60.19544651673455
-46.90651315317978
-47.81761888905983
-46.881124842001995
-46.71634712013098
-46.87403157140536
-46.873672096972854
-45.5918781258149
-45.20521428586238
-45.54648536651477
-48.89479529160842
-46.54965375751329
-43.694495384404824
-34.43971487093981
-47.35426285719522
-44.57739027878564
-46.63947939069328
-45.42800014924771
-46.573363910210404
-46.91134044551139
-48.436370467019536
-47.02738117955778
-45.35747573616475
-46.899729827998804
-47.444752546897696
-60.57496840387621
-47.52929117171165
-48.100033702217495
-49.588954631312504
-60.38754880787518
-34.332323926925625
-45.31253418752706
-57.8807894965873
-46.58978927522374
-46.711272034785026
-46.78662538724526
-47.72078387564933
-46.01439015472646
-33.01294938447385
-59.85759263928621
-46.66919425423604
-45.39438919687964
-48.13051956217747
-47.11572798184989
-46.812130663986665
-48.20908651235875
-45.20575703203252
-47.08326568952426
-46.82972643500138
-44.960559806662275
-47.448201178035305
-32.78630386784616
-45.41211229266813
-45.3043587312304
-56.62552135850807
-46.89378323482577
-45.05812795844909
-47.464127356474414
-49.29093549115102
-46.89802819220668
-58.225501198590294
-46.539636466664284
-45.48787576116723
-46.58369807122323
-46.78409379354345
-47.66396454969418
-32.51872952888597
-44.99666650203178
-47.95919090291343
-46.72444861623406
-35.84168398686454
-46.2468373039092
-46.86580862130563
-47.06397521489828
-49.346383511428385
-47.48938750427119
-46.951977280397585
-46.27404052876507
-47.37780910469144
-47.935974810821385
-47.06406808903468
-46.50516898684647
-46.744659235453724
-46.952278870839244
-45.23684816675652
-36.45706741912625
-46.75723549877571
-58.091948718590444
-57.80408691578843
-46.33264573879006
-48.0811483029773
-46.724218852354205
-59.83594521029238
-45.99026321551943
-46.977495681824855
-46.499896420812185
-46.24241631711495
-46.760545353576624
-47.613828699743344
-46.56491186624427
-47.19298041316565
-46.773306257131736
-57.32384474454862
-48.100033702217495
-58.10943645243747
-46.62875907283708
-46.58405104014394
-46.99827256251936
-45.55953716875398
-48.03837378493145
-49.23030214500331
-46.60870772133643
-47.7212351785741
-47.26226432108712
-49.333676585652306
-45.08503436893049
-46.29193245375071
-34.33044526281634
-47.61526688811007
-34.332323926925625
-46.84049601881832
-60.59940165595989
-43.90670482517414
-48.25943817986825
-46.50076005284412
-47.4448420964828
-48.118798003045036
-45.824440011995094
-46.52276680773375
-47.07989038195843
-45.23573554864008
-49.548058818113475
-44.5419391111848
-48.15749170511697
-47.87961110386513
-45.422720009198144
-46.64271353805713
-44.23174619928865
-44.952441727763045
-59.49130074122134
-46.281519749737555
-45.62232605277255
-46.7298280681098
-58.97064647745456
-47.220844032261645
-59.404347822155835
-48.64194736644419
-46.86911168925991
-46.76045940411245
-44.64318334152228
-47.680934439207576
-45.66661337578358
-46.83066375869566
-46.627466237951204
-57.803037664326666
-46.426569178721934
-48.383580459607415
-49.57491543890822
-59.03653230255955
-46.00787284944271
-59.208842161399794
-46.63829238024799
-48.09806548852309
-46.307259360510265
-48.23896499616925
-46.76142149827231
-45.14514957328544
-47.68260597925108
-46.03027510820869
-50.2562385029991
-46.09594693701355
-48.11738220257121
-48.50312648991498
-50.20329362454243
-48.39914073530083
-46.6159395596671
-45.30288097056393
-44.86595679120941
-59.87568890125705
-61.45839351349488
-47.77019554598889
-46.45879814480313
-46.99012101350825
-44.136924718009915
-47.339815146433786
-46.67496095801846
-33.716374982334706
-46.748532200834546
-46.300382872740826
-58.06642151453126
-47.02233263503491
-46.73043188166064
-47.32932416831679
-32.50004622593103
-34.343850605209724
-48.90970244138458
-45.147290337766776
-46.71577436203546
-46.53380800180598
-60.28958810717551
-47.03170325934294
-47.84847439264237
-60.08970979022453
-46.88340662510513
-46.748532200834546
-46.83196799073642
-48.27237224189338
-59.17560305517753
-47.65993505315452
-46.5784191313519
-48.985665950193486
-48.168242503257
-46.86911168925991
-45.78103861037468
-46.15890336820247
-46.80361678024668
-48.01274571511926
-48.34820266908099
-34.32362062898446
-48.79303448505281
-48.17889614299246
-43.85910454486927
-46.72444861623407
-48.551153696516195
-47.19780393788185
-46.990650536276426
-34.21616273505073
-45.262754049369136
-46.7552672850813
-46.75041086494383
-46.87535538590214
-45.56481904716505
-47.431250924347665
-59.16861344012429
-47.64514062402319
-46.75901191276641
-47.455424058533254
-46.3179078330217
-59.19461588236232
-46.739828902893386
-33.52454944829081
-59.84300401344364
-46.76391248749386
-48.65174018130302
-46.891956271422714
-60.46570540297623
-45.574651307287716
-48.09806548852309
-48.34676393571678
-47.68775465054566
-46.5391284688644
-46.22978011407099
-45.550623937586195
-47.047204022442365
-46.57491294450641
-59.11837280414584
-46.75723549877571
-48.83497281492322
-35.8219108970198
-47.55909304094042
-45.34305048822621
-47.26966533773947
-47.979430850030276
-49.42810683107757
-47.88162316029773
-46.76400203707897
-46.57827666724457
-31.40272210872395
-45.424630507512205
-47.03904293254191
-45.332260190125076
-46.99069377160377
-48.01741708323358
-45.217627010097935
-47.14893878836946
-45.36320197520851
-48.22153854206651
-48.0529634472403
-48.05016136730348
-48.11919069554894
-48.05362347836419
-46.89591196753432
-48.06669337554602
-45.44976805395066
-47.20356657023081
-46.749644074499315
-59.16474047474346
-45.390600802116516
-46.453085364186016
-60.40580646577313
-48.100783036276184
-45.54620886930248
-46.8904053531946
-48.118008472020556
-46.66598530459911
-37.05330487038411
-47.329918665034384
-46.89863459678882
-43.689410728129594
-48.047333026333355
-46.771879332445195
-46.748532200834546
-45.32189971237966
-48.63985131803901
-47.75157101570285
-46.34389318512153
-45.84032509603898
-46.50051349082576
-46.945005797478544
-45.504819319110794
-46.53250376976522
-48.05990225854366
-48.58721174260059
-58.10030683945746
-34.01979415839715
-45.01419044793283
-49.66592874712016
-48.125401205656864
-46.933506570125175
-46.62795271240918
-46.36720851312476
-48.114795475543346
-59.16474047474347
-46.22781190037659
-46.76400203707897
-48.05764387455756
-46.37099779252727
-72.03990843871537
-71.74649081676498
-69.00863824860211
-61.81551948635482
-72.13385935437489
-47.93553354848344
-72.56803929212731
-72.49867861240277
-71.9362561241582
-48.39089061442628
-58.67217260880929
-59.22952353225086
-47.840640118777515
-71.83772174768258
-60.687017424585946
-58.93995368279114
-71.72836488222802
-72.5612307043186
-72.48685046250574
-59.69714356098999
-59.258622457652365
-62.54529015134321
-45.69124307263773
-47.910633969859646
-72.46759748553313
-47.948975298991975
-71.42628839115075
-72.76979333457277
-59.73684620969428
-62.117952874037215
-47.42650111107908
-72.23136561772515
-72.23094703709135
-72.69746270190666
-72.72836703427458
-72.56564682002963
-59.826852876045066
-49.414960516440246
-60.25682055339865
-61.516263977758356
-21.089313117334473
-35.34411486769986
-72.58968222458599
-58.42667663893576
-71.0183239507811
-72.37656613486597
-72.89550336423056
-58.108300559080256
-69.08636817068256
-73.19823101571892
-60.48286059588115
-69.56293275508925
-47.53946507165527
-46.85581062408781
-55.26858910692872
-71.67205712314532
-73.19823101571892
-49.53941406886904
-47.441890428031755
-73.19823101571892
-73.28682371932571
-70.58816866253933
-69.38974298683645
-44.090438871033854
-73.31090815273748
-72.26107097850283
-72.76979333457277
-58.209728300118385
-68.97747783928614
-59.959927681622034
-72.57795016186599
-73.47975896538837
-73.10357872804184
-71.90943234231716
-47.98131055033198
-72.90418954515117
-73.29339947150976
-72.70546209062158
-72.30369959163376
-71.120531384917
-72.88593771853566
-73.47975896538837
-70.49063620455358
-69.19702442289565
-70.8937019178722
-73.38891276903448
-70.97430628167302
-50.167888224399505
-73.17066806761868
-71.72287879192132
-71.38117513019833
-73.60344967782405
-73.94313848917827
-57.69282150857566
-73.78957352326594
-66.75035808376433
-73.77329408350116
-46.14147763461912
-72.16539476305944
-56.79507730369673
-73.19823101571892
-45.23573554864008
-71.5545009985306
-69.91964750348566
-73.83216260709649
-72.8158107498227
-73.33142078906872
-73.38891276903448
-72.9715081574365
-72.6927897562286
-71.18097243573857
-73.00660085930701
-72.69861044877696
-46.495360071241734
-72.86078784433397
-72.5192501781982
-70.2443197180674
-60.24493140882923
-58.841693250757864
-73.77329408350116
-72.15998068804112
-59.83518678033749
-45.41471486792625
-73.94313848917827
-59.14051968171595
-60.2638552529213
-70.76186583404979
-73.94313848917827
-60.5784979449627
-72.94380248534864
-73.94313848917827
-70.50379247574715
-73.83216260709649
-69.49455050270494
-73.94313848917827
-73.42326735158022
-73.94313848917827
-73.94313848917827
-73.60344967782405
-71.21493755960594
-73.94313848917827
-47.69088487987149
-73.65499535539806
-73.94313848917827
-71.19692670816396
-70.90613514952325
-48.991365580624674
-73.22444801976049
-58.25800092694607
-73.94313848917827
-73.31164703515768
-73.94313848917827
-73.28625535719365
-73.2244983662521
-73.60344967782405
-73.10179891768868
-73.94313848917827
-73.41884799836109
-46.525657550907084
-72.7339772600512
-71.88022881334541
-72.94380248534864
-46.300084002761814
-72.23494792938905
-74.09670345509062
-69.1375965818325
-73.94313848917827
-71.70324730559625
-60.63416930995354
-69.0244614536214
-73.44834323465109
-73.94313848917827
-69.35235125542185
-69.09695011412708
-72.50480697711518
-73.42326735158022
-73.57469983343739
-60.69491048501735
-72.56190685150045
-73.94313848917827
-70.34674022339658
-69.82152227503302
-55.07636445555465
-72.74338391644349
-73.37832212827789
-73.41102950221133
-73.94313848917827
-63.33654654882574
-69.65057959695858
-73.94313848917827
-69.84779679264363
-73.94313848917827
-57.40280452909813
-70.2051922825657
-46.59851003910207
-69.30733349555359
-59.197338451547296
-73.94313848917827
-47.79831698432826
-63.82756017162832
-60.32155743797227
-73.94313848917827
-71.64855298096235
-48.996270101516856
-69.56105409097995
-74.09670345509062
-58.27628255736719
-60.17234328444962
-73.73064736549765
-72.11385189758276
-69.08742734118177
-59.76954777741617
-72.3168143140357
-73.77216392087487
-74.09670345509062
-71.46463399725607
-74.09670345509062
-73.07105657446522
-59.467108928444375
-70.93744691398064
-50.133552856943
-57.62355173315319
-58.96474486828823
-46.72537171315531
-60.603733187274024
-46.98916506809572
-70.41357467153384
-73.518156241817
-73.68320292037924
-58.090608767304055
-60.396937371220844
-71.91340219759158
-73.38891276903448
-48.83120007938407
-58.9773337754352
-73.94313848917827
-71.08133143906723
-73.22419976516719
-60.21362345076807
-62.118129435225555
-62.240376683610954
-45.656992274617785
-73.08347164862333
-46.20898319311829
-59.15870527673691
-58.14879742161477
-73.74407001584544
-58.693064018505424
-73.94313848917827
-68.46965371481734
-58.175359678101145
-69.4868055655909
-32.419603663122416
-68.49183811077357
-73.94313848917827
-69.69088279790522
-74.09670345509062
-46.74249700282799
-72.32934293129358
-72.7000536273882
-47.929183582422944
-73.70729247460483
-73.25424572255804
-71.76520708975565
-73.73064736549765
-73.74407001584544
-45.38832740151044
-60.406715473581386
-71.19508890997162
-73.94313848917827
-74.09670345509062
-58.115374701301015
-73.94313848917827
-73.75161969024253
-74.09670345509062
-73.70417524512415
-73.51371319885146
-49.401714921205574
-48.79157721984745
-74.09670345509062
-60.159320138191234
-47.51682375602275
-74.09670345509062
-59.24959206511917
-59.49162181553855
-73.75161969024253
-73.21555112526791
-59.4581930857547
-73.68320292037924
-57.92187160857584
-35.962674407031805
-58.50769302497583
-73.77329408350116
-73.44834323465109
-73.31023474892686
-61.43539644353342
-59.68046370387928
-71.26407697967784
-72.42568473264394
-74.09670345509062
-74.09670345509062
-60.148766946347045
-74.03626282093178
-57.763872301961996
-46.641626586676246
-71.22595351159363
-73.45187721075911
-60.32301237001265
-74.09670345509062
-59.33221161388093
-74.03626282093178
-73.94313848917827
-74.09670345509062
-35.643036921115424
-73.04467126265173
-74.09670345509062
-71.45542929919519
-59.16474047474347
-74.09670345509062
-45.39635901563041
-74.09670345509062
-68.44968700947625
-71.7922080063556
-73.10176773808121
-70.21293078229556
-59.025934145501346
-58.995794309982934
-74.03626282093178
-74.03626282093178
-60.2692845602516
-64.01999304201951
-74.09670345509062
-59.63271159097813
-60.561039812932755
-74.09670345509062
-59.000434454588216
-47.33784693273938
-69.54033947315887
-59.168946824328316
-73.57469983343739
-73.97582218677296
-47.037633000971375
-48.63945607192673
-74.09670345509062
-58.396067766247604
-46.77863030063289
-72.87535302402807
-48.504372804196336
-73.518156241817
-74.03626282093178
-70.87056309690755
-34.8847171223568
-74.09670345509062
-73.40653592539445
-74.02337352349402
-46.80425610904255
-57.472134025801
-71.71862725735954
-58.84811506941466
-59.15383530887641
-72.18171442614525
-71.01096492544933
-71.99273856425795
-59.31982706657724
-74.09670345509062
-71.14948704141814
-60.26112449383528
-73.28625535719365
-59.093156057236314
-59.02774841684728
-73.17360685461293
-73.53488766800278
-71.52119217150006
-60.44977826917607
-58.789158919468875
-45.330983938809084
-73.78957352326594
-73.34840034869679
-69.77997222100132
-54.116859219044905
-48.40244510944586
-70.22496001114757
-74.09670345509062
-48.59879687338355
-74.09670345509062
-48.858195129948
-48.03220408212895
-46.85075535310814
-50.06113587734677
-47.92586615977771
-74.09670345509062
-74.09670345509062
-72.63401385530162
-73.42141169579625
-73.31134750940575
-58.769636654188055
-73.4237461080978
-70.19904886437699
-71.07197620994774
-59.09557330291758
-59.16474047474347
-72.3485382617425
-59.00951885613877
-59.29850621558692
-57.739235494271874
-57.75098300452423
-73.94313848917827
-71.60895409918808
-60.22183102365565
-57.89518409454912
-34.23379503057103
-73.70417524512415
-58.29282926718091
-74.09670345509062
-74.09670345509062
-72.30179548711183
-59.1634362427027
-59.1899624755288
-73.97582218677296
-73.94313848917827
-70.72974673059035
-59.32274143519616
-73.68320292037924
-70.19752096672008
-74.09670345509062
-59.15924323858617
-74.09670345509062
-74.09670345509062
-62.530408423823026
-59.10587238692379
-59.02792911749324
-73.4084993140041
-69.25753024252352
-70.91610703989775
-60.74324403388081
-74.09670345509062
-47.44868897428649
-46.675103940914596
-46.04973838511444
-73.74407001584544
-57.77480447666481
-73.32825405861541
-72.41941419915678
-59.16474047474347
-57.57465264812417
-59.02011980028071
-72.96902241306941
-59.58260148613278
-74.03626282093178
-73.05107481782403
-74.09670345509062
-57.90722730948806
-34.12487919406006
-70.57813542224041
-58.08854952639932
-56.54708344669711
-70.72974673059035
-59.14739197438975
-72.19680119847763
-72.33104464299402
-73.31164703515768
-73.94313848917827
-69.59344150130104
-60.00010429615762
-50.949644350495056
-59.8628063623956
-59.04832735876968
-72.65573988546288
-74.0967034550906
-74.09670345509062
-71.66071597805325
-48.457919149883
-73.85703878741488
-71.21071570961418
-72.88930779400803
-46.84135048489304
-59.106387314571144
-74.09670345509062
-59.2799846155572
-74.09670345509062
-59.464869240296814
-74.09670345509062
-47.429372260238374
-74.09670345509062
-72.23211749464994
-60.103647715227076
-58.46571581007122
-58.982252248932895
-74.09670345509062
-59.49477937643569
-69.05174902602025
-58.387988054643074
-70.38559829416886
-58.13655931291264
-71.45926583728064
-73.86324000666508
-73.48241871884763
-71.14738335140814
-71.05226733018064
-59.65127522692219
