-0.5816669689637272
-0.46477391904580434
-0.3276081896748093
-0.35854487413724373
-0.27841054380344177
-0.46477391904580434
-0.3458691510837426
-0.4842088145571889
-0.43383723458337003
-0.1643405029391659
-0.1643405029391659
-0.4579711102459002
-0.37680583554617686
-0.3276081896748093
-0.1904424603038143
-0.1904424603038143
-0.6474765012928321
-0.19724526910371842
-0.43383723458337
-0.3276081896748093
-0.19724526910371842
-0.3276081896748093
-0.4579711102459002
-0.12298385302351356
-0.19724526910371842
-0.37680583554617686
-0.19724526910371842
-0.4579711102459002
-0.37093292129257993
-0.22137914476624865
-0.3276081896748093
-0.3276081896748093
-0.3276081896748093
-0.46477391904580434
-0.46477391904580445
-0.1904424603038143
-0.19724526910371842
-0.3276081896748093
-0.3276081896748093
-0.571002963954365
-0.27841054380344177
-0.27841054380344177
-0.22137914476624865
-0.17898430769478513
-0.3276081896748093
-0.3276081896748093
-0.46477391904580445
-0.02796892116783789
-0.22818195356615273
-0.4579711102459002
-0.29667150521237484
-0.43383723458337
-0.3276081896748093
-0.3276081896748093
-0.22137914476624854
-0.027174773568170774
-0.3276081896748093
-0.549081209550097
-0.1904424603038143
-0.22137914476624865
-0.3276081896748093
-0.19724526910371842
-0.35174206533733954
-0.30150623231016094
-0.5322325263261052
-0.19724526910371842
-0.3276081896748093
-0.37680583554617686
-0.3276081896748093
-0.19724526910371842
-0.22137914476624865
-0.3276081896748093
-0.16537869009497685
-0.3276081896748093
-0.46477391904580445
-0.3276081896748093
-0.3276081896748093
-0.27841054380344177
-0.22818195356615278
-0.30451250116809014
-0.3276081896748093
-0.3276081896748093
-0.1904424603038143
-0.3276081896748093
-0.3276081896748093
-0.6280416057814479
-0.3458691510837426
-0.34328293879635013
-0.3276081896748093
-0.3276081896748093
-0.3276081896748093
-0.19724526910371842
-0.27841054380344177
-0.3276081896748093
-0.4250663440813478
-0.3276081896748093
-0.4579711102459002
-0.35854487413724373
-0.19724526910371842
-0.3276081896748093
-0.19044246030381418
-0.19724526910371842
-0.19724526910371842
-0.3276081896748093
-0.3276081896748093
-0.3276081896748093
-0.3276081896748093
-0.04181857832379021
-0.3585448741372437
-0.3276081896748093
-0.27841054380344177
-0.4579711102459002
-0.16630858464128417
0.25298596308539534
-0.3276081896748093
-0.3276081896748093
-0.3276081896748093
-0.43383723458337
-0.37680583554617686
-0.3276009468849198
-0.48303488045473764
-0.3276081896748093
-0.19044246030381418
-0.27841054380344177
-0.37680583554617686
-0.035015769523885965
-0.3276081896748093
-0.19044246030381418
-0.3276081896748093
-0.3276081896748093
-0.3276081896748093
-0.30464824811473024
-0.4579711102459002
-0.19724526910371842
-0.22137914476624865
-0.3276081896748093
-0.3276081896748093
-0.7505635303968236
-0.43383723458337
-0.2155062305126516
-0.4579711102459002
-0.4579711102459002
-0.3276081896748093
-0.5334064604285564
-0.3276081896748093
-0.22818195356615278
-0.1904424603038143
-0.1904424603038143
-0.19724526910371842
-0.1904424603038143
-0.3276081896748093
-0.19724526910371842
-0.3276081896748093
-0.040644644221338955
-0.19724526910371842
-0.3276081896748093
-0.1904424603038143
-0.4338372345833701
-0.4338372345833701
-0.3276081896748093
-0.3276081896748093
-0.43383723458337003
-0.4338372345833701
-0.6772392516528154
-0.43501116868582124
-0.21550623051265172
-0.1643405029391659
-0.3276081896748093
-0.3276081896748093
-0.1643405029391659
-0.7505635303968236
-0.17898430769478513
-0.22818195356615273
-0.5400735222818202
-0.3034743140122791
-0.1643405029391659
-0.37680583554617686
-0.3276081896748093
-0.37680583554617686
-0.3276081896748093
-0.053320367274840075
-0.701365884525456
-0.22818195356615273
-0.27841054380344177
-0.3276081896748093
-0.5334064604285563
-0.19044246030381418
-0.37680583554617686
-0.172181498894881
-0.3276081896748093
-0.4842088145571889
-0.29667150521237495
-0.22137914476624854
0.09064817089605914
-0.3276081896748093
-0.4579711102459002
-0.3276081896748093
-0.3276081896748093
-0.3276081896748093
-0.1218099189210623
-0.3276081896748093
-0.3276081896748093
-0.37680583554617686
-0.4579711102459002
-0.37680583554617686
-0.22137914476624865
-0.2145763359663444
-0.3276081896748093
-0.4579711102459002
-0.3276081896748093
-0.16630858464128406
-0.3276081896748093
-0.3034743140122791
-0.4842088145571889
-0.3276081896748093
-0.22137914476624854
-0.3276081896748093
-0.37680583554617686
-0.19724526910371842
-0.3276081896748093
-0.3276081896748093
-0.11514285706779837
-0.027174773568170885
-0.22921289793207422
-0.3276081896748093
-0.27841054380344177
-0.9059902211767518
-0.3276081896748093
-0.3276081896748093
-0.3276081896748093
-0.3276081896748093
-0.19724526910371842
-0.19724526910371842
-0.3276081896748093
-0.3276081896748093
-0.3276081896748093
-0.3276081896748093
-0.172181498894881
-0.46477391904580434
-0.3276081896748093
-0.2155062305126516
-0.3276081896748093
-0.3276081896748093
-0.3276081896748093
-0.4579711102459002
-0.37680583554617686
-0.19724526910371842
-0.27253762954984473
-0.3276081896748093
-0.3276081896748093
-0.4030435398574652
-0.3276081896748093
-0.46477391904580445
0.23461670906695853
-0.3276081896748093
-0.5400735222818203
-0.19724526910371842
-0.4579711102459002
-0.5322325263261052
-0.46477391904580445
-0.3276081896748093
-0.22137914476624865
-0.3276081896748093
-0.3276081896748093
-0.27841054380344177
-0.7505635303968236
-0.5710029639543652
-0.2202052106637974
-0.29667150521237484
-0.19044246030381418
-0.22137914476624865
-0.7013658845254561
-0.1904424603038143
-0.1904424603038143
-0.3276081896748093
-0.46477391904580434
-0.46477391904580434
-0.3276081896748093
-0.43383723458337
-0.1904424603038143
-0.009951999315048643
-0.3276081896748093
-0.3276081896748093
-0.22137914476624854
-0.1904424603038143
-0.27841054380344177
-0.32760818967480937
-0.46477391904580434
-0.8075949294340168
-0.17100756479242984
-0.22137914476624865
-0.27841054380344177
-0.27841054380344177
-0.3276081896748093
-0.37680583554617686
-0.16630858464128417
-0.3276081896748093
-0.3276081896748093
-0.37680583554617686
-0.4579711102459002
-0.08421341539525351
-0.3276081896748093
-0.19724526910371842
-0.19044246030381418
-0.46477391904580434
-0.6086067102700634
-0.1904424603038143
-0.5642001551544609
-0.46477391904580434
-0.27841054380344177
-0.3276081896748093
-0.3276081896748093
-0.27841054380344177
-0.22137914476624865
-0.3276081896748093
-0.3276081896748093
-0.46477391904580445
-0.3276081896748093
-0.48303488045473764
-0.027174773568170774
-0.3276081896748093
-0.37680583554617686
-0.3276081896748093
-0.37680583554617686
-0.4579711102459002
-0.27841054380344177
-0.4842088145571889
-0.4908758764104527
-0.37680583554617686
-0.3276081896748093
-0.0600795397327234
-0.43383723458337
-0.3276081896748093
-0.37680583554617686
-0.4908758764104527
-0.3276081896748093
-0.3276081896748093
-0.46477391904580434
-0.3276081896748093
-0.3585448741372437
-0.46477391904580434
-0.3276081896748093
-0.1904424603038143
-0.27841054380344177
-0.425996238627655
-0.19724526910371842
-0.46477391904580445
-0.3276081896748093
-0.701365884525456
-0.3276081896748093
-0.3276081896748093
-0.27841054380344177
-0.3276081896748093
-0.3276081896748093
-0.172181498894881
-0.19724526910371842
-0.3276081896748093
-0.3276081896748093
-0.35174206533733954
-0.19724526910371842
-0.6145717351282797
-0.37680583554617686
-0.46477391904580445
-0.44533902353442
-0.3276081896748093
-0.19724526910371842
-0.46477391904580434
-0.3276081896748093
-0.19044246030381418
-0.4579711102459002
-0.27841054380344177
-0.302544419465972
-0.3276081896748093
-0.3538458939860979
-0.46477391904580445
-0.3276081896748093
-0.4579711102459002
-0.484208814557189
-0.3276081896748093
-0.46477391904580434
-0.3276081896748093
-0.3276081896748093
-0.3276081896748093
-0.3276081896748093
-0.3276081896748093
-0.3276081896748093
-0.17898430769478513
-0.19724526910371842
-0.37680583554617686
-0.30451250116809014
-0.3276081896748093
-0.3276081896748093
-0.3276081896748093
-0.3276081896748093
-0.37680583554617686
-0.19724526910371842
-0.4250663440813478
-0.3276081896748093
-0.484208814557189
-0.16537869009497685
-0.3276081896748093
-0.3276081896748093
-0.3276081896748093
-0.46477391904580445
-0.43383723458337003
-0.37680583554617686
-0.19724526910371842
-0.3276081896748093
-0.22818195356615273
-0.37680583554617686
-0.37680583554617686
-0.46477391904580434
-0.5400662794919306
-0.46477391904580434
-0.701365884525456
-0.5322325263261051
-0.3276081896748093
-0.4842088145571888
-0.4579711102459002
-0.3276081896748093
-0.1904424603038143
-0.3276081896748093
-0.3276081896748093
-0.1904424603038143
-0.22137914476624865
-0.4338372345833701
-0.27841054380344177
-0.08421341539525351
-0.4579711102459002
-0.19044246030381418
-0.4579711102459002
-0.7505635303968238
-0.7505635303968238
-0.3276081896748093
-0.7505635303968238
-0.4842088145571889
-0.19044246030381418
-0.46477391904580434
-0.37680583554617686
-0.3276081896748093
-0.4579711102459002
-0.3276081896748093
-0.3276081896748093
-0.46477391904580445
-0.3276081896748093
-0.4579711102459002
-0.46477391904580434
-0.3276081896748093
-0.3276081896748093
-0.3276081896748093
-0.19724526910371842
-0.3276081896748093
-0.4579711102459002
-0.19724526910371842
-0.12298385302351345
-0.19044246030381418
-0.172181498894881
-0.22137914476624865
-0.3276081896748093
-0.37680583554617686
-0.3276081896748093
-0.3276081896748093
-0.4579711102459002
-0.3276081896748093
-0.46477391904580445
-0.3276081896748093
-0.19724526910371842
-0.4579711102459002
-0.1218099189210623
-0.3276081896748093
-0.7013658845254561
-0.4579711102459002
-0.5334064604285563
-0.3276081896748093
-0.37680583554617686
-0.46477391904580445
-0.3276081896748093
-0.172181498894881
-0.22137914476624854
-0.4908758764104527
-0.16630858464128406
-0.3276081896748093
-0.43383723458337003
-0.3276081896748093
-0.19724526910371842
-0.3276081896748093
-0.19044246030381418
-0.3276081896748093
-0.4260034814175444
-0.3034743140122791
-0.3276081896748093
-0.43383723458337003
-0.3276081896748093
-0.19724526910371842
-0.5322325263261051
-0.27841054380344177
-0.19044246030381418
-0.46477391904580445
-0.3276081896748093
-0.3276081896748093
-0.5788439599100802
-0.3276081896748093
-0.2202052106637974
-0.46477391904580434
-0.3276081896748093
-0.9059902211767518
-0.19724526910371842
-0.4579711102459002
-0.1904424603038143
-0.46477391904580434
-0.9059902211767518
-0.8373576797939999
-0.46477391904580434
-0.46477391904580434
-0.4579711102459002
-0.7505635303968236
-0.32080538087490507
-0.46477391904580434
-0.3276081896748093
-0.46477391904580434
-0.7505635303968236
-0.08421341539525351
-0.4579711102459002
-0.33441099847471334
-0.27841054380344177
-0.6202006098257327
-0.7458717930355673
-0.32080538087490507
-0.9059902211767518
-0.46477391904580434
-0.6133978010258284
-0.46477391904580445
-0.33441099847471334
-0.4579711102459002
-0.9059902211767518
-0.9059902211767518
-0.309347228265876
-0.7505635303968236
-0.6202006098257327
-0.46477391904580434
-0.581666968963727
-0.9059902211767518
-0.6202006098257327
-0.302544419465972
-0.6202006098257327
-0.6202006098257327
-0.9059902211767518
-0.33441099847471334
-0.33441099847471334
-0.46477391904580434
-0.9059902211767518
-0.9059902211767518
-0.30150623231016094
-0.5951368396168953
-0.9059902211767518
-0.9059902211767518
-0.9059902211767518
-0.9059902211767518
-0.7505635303968236
-0.6202006098257327
-0.9059902211767518
-0.5951368396168953
-0.3276081896748093
-0.7458717930355673
-0.7458717930355673
-0.7505635303968236
-0.7505635303968236
-0.6133978010258284
-0.7505635303968236
-0.7505635303968236
-0.3276081896748093
-0.9059902211767518
-0.43383723458337
-0.6202006098257327
-0.19724526910371842
-0.9059902211767518
-0.9059902211767518
-0.9059902211767518
-0.6202006098257327
-0.9059902211767518
-0.6202006098257327
-0.9059902211767518
-0.7505635303968236
-0.3276081896748093
-0.7505635303968236
-0.309347228265876
-0.7505635303968236
-0.7505635303968236
-0.6202006098257327
-0.9059902211767518
-0.9059902211767518
-0.7505635303968236
-0.9059902211767518
-0.9059902211767518
-0.9059902211767518
-0.22818195356615273
-0.4579711102459002
-0.7505635303968236
-0.7505635303968236
-0.9059902211767518
-0.9059902211767518
-0.6202006098257327
-0.9059902211767518
-0.46477391904580434
-0.6202006098257327
-0.37680583554617686
-0.7505635303968236
-0.9059902211767518
-0.9059902211767518
-0.46477391904580445
-0.46477391904580434
-0.7505635303968236
-0.7505635303968236
-0.7505635303968236
-1.0661086493179361
-1.0661086493179361
-0.8373576797939999
-0.8373576797939999
-1.0661086493179361
-1.0661086493179361
-0.8373576797939999
-1.0661086493179361
-0.5816669689637272
-0.8373576797939999
-0.8238878091408318
-0.3276081896748093
-0.571002963954365
-0.8373576797939999
-0.56316196799865
-1.0661086493179361
-0.6086067102700634
-0.425996238627655
-0.8238878091408318
-1.0661086493179361
-0.3276081896748093
-1.0661086493179361
-0.8238878091408318
-0.053320367274840075
-1.0661086493179361
-0.6086067102700634
-0.6086067102700634
-1.0661086493179361
-1.0661086493179361
-1.0661086493179361
-0.3276081896748093
-1.0661086493179361
-0.3276081896748093
-0.30934722826587613
-0.8373576797939999
-1.0661086493179361
-0.3276081896748093
-0.8373576797939999
-0.17898430769478513
-0.7505635303968236
-0.309347228265876
-0.8373576797939999
-1.0661086493179361
-0.56316196799865
-0.7505635303968236
-1.0661086493179361
-1.0661086493179361
-0.8373576797939999
-0.3276081896748093
-0.8373576797939999
-0.12195290865759195
-0.7505635303968236
-0.8075949294340168
-0.9059902211767518
-0.9059902211767518
-1.0661086493179361
-0.8373576797939999
-0.8075949294340168
-1.0661086493179361
-1.0661086493179361
-1.0661086493179361
-1.0661086493179361
-0.1904424603038143
-1.0661086493179361
-0.56316196799865
-0.9059902211767518
-1.0661086493179361
-0.46477391904580434
-1.0661086493179361
-0.8238878091408318
-1.0661086493179361
-1.0661086493179361
-0.549081209550097
-0.035015769523885965
-1.0661086493179361
-0.8373576797939999
-0.6202006098257327
-1.0661086493179361
-0.43383723458337003
-0.8238878091408318
-0.6086067102700634
-1.0661086493179361
-0.8075949294340168
-0.581666968963727
-1.0661086493179361
-1.0661086493179361
-0.7505635303968236
-0.8373576797939999
-0.8373576797939999
-0.8238878091408317
-1.0661086493179361
-1.0661086493179361
-1.0661086493179361
-1.0661086493179361
-1.0661086493179361
-1.0661086493179361
-1.0661086493179361
-1.0661086493179361
-0.6202006098257327
-1.0661086493179361
-0.8373576797939999
-1.0661086493179361
-0.8373576797939999
-1.0661086493179361
-0.8373576797939999
-0.8373576797939999
-1.0661086493179361
-0.8373576797939999
-0.37680583554617686
-1.0661086493179361
-0.571002963954365
-0.5490812095500972
-0.27841054380344177
-1.0661086493179361
-1.0661086493179361
-0.19044246030381418
-0.5816669689637272
-1.0661086493179361
-0.19044246030381418
-1.0661086493179361
-1.0661086493179361
-1.0661086493179361
-0.5653740892569119
-0.8373576797939999
-0.8238878091408318
-1.0661086493179361
-0.8238878091408318
-0.6086067102700634
-1.0661086493179361
-1.0661086493179361
-0.8373576797939999
-1.0661086493179361
-0.3276081896748093
-1.0661086493179361
-0.8373576797939999
-0.9059902211767518
-1.0661086493179361
-1.0661086493179361
-1.0661086493179361
-1.0661086493179361
-1.0661086493179361
-1.0661086493179361
-1.0661086493179361
-1.0661086493179361
-0.6772392516528154
-0.43383723458337003
-1.0661086493179361
-0.8373576797939999
-0.8373576797939999
-0.8373576797939999
-1.0661086493179361
-1.0661086493179361
-1.0661086493179361
-1.0661086493179361
-0.6086067102700634
-0.701365884525456
-1.0661086493179361
-1.0661086493179361
-1.0661086493179361
-1.0661086493179361
-1.0661086493179361
-1.0661086493179361
-0.8373576797939999
-1.0661086493179361
-1.0661086493179361
-1.0661086493179361
-1.0661086493179361
-1.0661086493179361
-1.0661086493179361
-0.46477391904580434
-1.0661086493179361
-0.7505635303968236
-1.0661086493179361
-1.0661086493179361
-1.0661086493179361
-1.0661086493179361
-1.0661086493179361
-1.0661086493179361
-1.0661086493179361
-0.9059902211767518
-0.9059902211767518
-1.0661086493179361
-1.0661086493179361
-1.0661086493179361
-1.0661086493179361
-0.8238878091408317
-1.0661086493179361
-0.7505635303968236
-1.0661086493179361
-1.0661086493179361
-1.0661086493179361
-1.0661086493179361
-1.0661086493179361
-0.46477391904580434
-1.0661086493179361
-0.7505635303968236
-0.8373576797939999
-1.0661086493179361
-1.0661086493179361
-0.44533902353442
-1.0661086493179361
-1.0661086493179361
-1.0661086493179361
-0.3276081896748093
-1.0661086493179361
-0.4579711102459002
-1.0661086493179361
-1.0661086493179361
-1.0661086493179361
-1.0661086493179361
-0.309347228265876
-0.19724526910371842
-0.37680583554617686
-1.0661086493179361
-1.0661086493179361
-0.3276081896748093
-1.0661086493179361
-1.0661086493179361
-1.0661086493179361
-0.8075949294340168
-1.0661086493179361
-1.0661086493179361
-1.0661086493179361
-0.8075949294340168
-0.8075949294340168
-1.0661086493179361
-1.0661086493179361
-1.0661086493179361
-1.0661086493179361
-1.0661086493179361
-1.0661086493179361
-1.0661086493179361
-1.0661086493179361
-1.0661086493179361
-0.46477391904580434
-0.17898430769478513
-1.0661086493179361
-1.0661086493179361
-1.0661086493179361
-1.0661086493179361
-0.37680583554617686
-1.0661086493179361
-0.9059902211767518
-0.8373576797939999
-0.8373576797939999
-1.0661086493179361
-1.0661086493179361
-1.0661086493179361
-1.0661086493179361
-1.0661086493179361
-1.0661086493179361
-1.0661086493179361
-0.8373576797939999
-0.22137914476624865
-0.8373576797939999
-1.0661086493179361
-1.0661086493179361
-1.0661086493179361
-1.0661086493179361
-1.0661086493179361
-1.0661086493179361
-0.3276081896748093
-1.0661086493179361
-1.0661086493179361
-1.0661086493179361
-1.0661086493179361
-1.0661086493179361
-1.0661086493179361
-1.0661086493179361
-0.17898430769478513
-1.0661086493179361
-1.0661086493179361
-1.0661086493179361
-1.0661086493179361
-0.3585448741372437
-1.0661086493179361
-0.9059902211767518
-1.0661086493179361
-1.0661086493179361
-1.0661086493179361
-0.46477391904580434
-1.0661086493179361
-1.0661086493179361
-1.0661086493179361
-1.0661086493179361
-1.0661086493179361
-0.02796892116783789
-1.0661086493179361
-1.0661086493179361
-1.0661086493179361
-1.0661086493179361
-1.0661086493179361
-0.3276081896748093
-1.0661086493179361
-1.0661086493179361
-0.7505635303968236
-1.0661086493179361
-1.0661086493179361
-1.0661086493179361
-0.8373576797939999
-1.0661086493179361
-0.7505635303968236
-0.3276081896748093
-1.0661086493179361
-0.3276081896748093
-1.0661086493179361
-0.3276081896748093
-1.0661086493179361
-1.0661086493179361
-1.0661086493179361
-1.0661086493179361
-0.9059902211767518
-1.0661086493179361
-0.7458717930355673
-1.0661086493179361
-1.0661086493179361
-0.302544419465972
-1.0661086493179361
-1.0661086493179361
-0.1904424603038143
-0.46477391904580434
-1.0661086493179361
-0.3276081896748093
-0.8075949294340168
-0.8373576797939999
-1.0661086493179361
-1.0661086493179361
-1.0661086493179361
-1.0661086493179361
-1.0661086493179361
-1.0661086493179361
-0.9059902211767518
-0.7505635303968236
-1.0661086493179361
-1.0661086493179361
-0.5816669689637272
-1.0661086493179361
-0.3046482481147304
-0.172181498894881
-1.0661086493179361
-0.46477391904580434
-0.8373576797939999
-1.0661086493179361
-1.0661086493179361
-1.0661086493179361
-1.0661086493179361
-0.8373576797939999
-1.0661086493179361
-1.0661086493179361
-1.0661086493179361
-1.0661086493179361
-1.0661086493179361
-0.9059902211767518
-1.0661086493179361
-1.0661086493179361
-1.0661086493179361
-1.0661086493179361
-0.08421341539525362
-1.0661086493179361
-1.0661086493179361
-0.8373576797939999
-1.0661086493179361
-1.0661086493179361
-0.3276081896748093
-0.6637693809996471
-1.0661086493179361
-0.8373576797939999
-0.27841054380344177
-1.0661086493179361
-1.0661086493179361
-0.8373576797939999
-0.7505635303968236
-1.0661086493179361
-1.0661086493179361
-1.0661086493179361
-1.0661086493179361
-1.0661086493179361
-1.0661086493179361
-1.0661086493179361
-1.0661086493179361
-1.0661086493179361
-1.0661086493179361
-1.0661086493179361
-1.0661086493179361
-1.0661086493179361
-0.8075949294340168
