-0.3848226156582504
-0.3424761019669492
-0.35593313260111736
-0.3473643166183844
-0.32662938239720907
-0.3771414584708591
-0.37944596084115184
-0.3779103610849283
-0.38184443579730665
-0.35733054972897227
-0.38089358649158334
-0.3370268120168401
-0.35393360833601595
-0.3254291778091456
-0.3546222510485727
-0.3382046291432266
-0.35693332234961883
-0.3799056730993901
-0.3776754991633768
-0.3550727513309445
-0.34514620270165614
-0.3256235193343494
-0.3356176942114143
-0.35698266224721475
-0.3251814642477848
-0.337405951616685
-0.3254032364837961
-0.35314470057317515
-0.38104560370293405
-0.37823997593618075
-0.3805940909895952
-0.36203075726337364
-0.36774639878601045
-0.3611670836831466
-0.35290709460153946
-0.38077271829874887
-0.3804193040828978
-0.3776975763134284
-0.3791842003442807
-0.3679188516583969
-0.356168930075285
-0.3678937221091687
-0.35256929367003564
-0.3790592955856286
-0.35699212536876035
-0.36662366980013594
-0.35205631979700047
-0.36668419572541033
-0.3496464102583148
-0.36736738677038183
-0.3681711007983323
-0.382145526917657
-0.379711470838403
-0.3832795065047627
-0.37975895415695077
-0.36780320847486125
-0.36258558417862724
-0.3532179507765211
-0.37859847119441864
-0.3602340712518646
-0.36695457658766484
-0.35482310447670884
-0.35912643962079854
-0.35183849963097646
-0.37098186889283435
-0.36893693502581226
-0.37261542913242396
-0.38082828056267237
-0.3775329616841615
-0.3818819120500441
-0.3749633382676495
-0.3753290288160426
-0.3771009140766509
-0.3725159234459044
-0.3800415889302801
-0.3810339152218455
-0.38115069611329294
-0.3806101252949771
-0.37698426781676875
-0.3717166946293616
-0.37469128920413725
-0.3710085307829241
-0.37988822023413904
-0.37165433022508587
-0.3750517182841688
-0.3722342583538243
-0.3787824458098617
-0.3664987079278966
-0.37771786234896965
-0.3768655343237212
-0.37939950839640696
-0.3818642867911346
-0.38093355583343735
-0.3794343926976058
-0.3771397785861932
-0.37412358956581754
-0.37183626123173197
-0.3790070850481087
-0.3751228281805932
-0.37710936080795426
-0.3752003350122603
-0.37102158359677023
-0.3732994880450683
-0.38259373106904165
-0.3751686739005863
-0.37615415573663935
-0.38033259396297303
-0.381669652865178
-0.38330261812506855
-0.3762821441962184
-0.3803031511286895
-0.3782685873599809
-0.38166543482536974
-0.37937188807156924
-0.3817049601450951
-0.3796632251739277
-0.3809450571920105
-0.38134886402542606
-0.37561197021598536
-0.37827693833142756
-0.3788812793009182
-0.3805101314173296
-0.3790237414711419
-0.37867317521454547
-0.3793993859045751
-0.3786307008494144
-0.373142591849408
-0.378711936225901
-0.37747194066363354
-0.3801590839270936
-0.3812677745761228
-0.3806730451916265
-0.3819100831777195
-0.37672661811719016
-0.3767587774466893
-0.3795634310213623
-0.38079527423092835
-0.3828800328385376
-0.37706979006645003
-0.3776621998154203
-0.3781441126413649
-0.3769416044994919
-0.38083872349734327
-0.37666882497277643
-0.37977547307218235
-0.37813516314359363
-0.381217175120685
-0.3793693532543875
-0.37906139326152527
-0.3786654938827063
-0.37649777275322716
-0.37975295921665303
-0.38033673984801114
-0.3775655449135974
-0.3810960934886129
-0.37989313292039817
-0.3818102546931977
-0.3807848721796392
-0.37806841323403345
-0.3801329760064772
-0.3831647296773309
-0.3788655722023027
-0.37963250119393716
-0.3801689115213955
-0.37996094263518204
-0.37823611819146613
-0.37931399027075263
-0.38108491572943337
-0.38135908998898665
-0.38189224598525273
-0.3807018825669708
-0.37898270211309015
-0.3798745743862574
-0.38030305560156297
-0.3774451105783015
-0.37809431594426285
-0.38055254499536084
-0.37879368935653096
-0.38283442320888056
-0.3780096304406071
-0.37751071378017687
-0.3838460149848172
-0.37812401558129394
-0.38302304517183217
-0.3789309941165668
-0.3789545562767174
-0.3818533982291965
-0.38050516553624014
-0.3810105895623369
-0.3783461684304969
-0.3830115577067578
-0.37974257731534794
-0.38009218577164805
-0.3792546928084916
-0.38088867743557453
-0.38303699030111826
-0.3806932014887294
-0.3807052526892373
-0.378747103307218
-0.37995652674810104
-0.3767373363350757
-0.3823012973791336
-0.3756646235335582
-0.3793144318772448
-0.37903708929453533
-0.38064756017222867
-0.37739795436773177
-0.37821194091386484
-0.37890918210739105
-0.3818459567826878
-0.3824446739428119
-0.38008486876938796
-0.37973763544572664
-0.3815760164333096
-0.38163592949031067
-0.37978972814913664
-0.379405896852683
-0.37820095891237754
-0.378518977092057
-0.37918206533452664
-0.3821470220171353
-0.37851580413398656
-0.3781422279969015
-0.3785776613573168
-0.38023740636465503
-0.3804943810372598
-0.3806781895832832
-0.3799308778379872
-0.3823873536166703
-0.380633333429182
-0.3807705442897615
-0.37948936255795324
-0.3806351462973108
-0.3794762033271914
-0.3792933960132368
-0.3798303063146622
-0.37889365119575613
-0.3794881296502433
-0.3811450194840535
-0.37818827728329724
-0.3822975799646392
-0.38043304894419655
-0.37939059645995493
-0.3792618434921082
-0.38187188768816516
-0.37990478774490116
-0.38034771474567175
-0.3804146242167311
-0.37783996669652387
-0.379710564111103
-0.3786220611538595
-0.37930794523812567
-0.37792653110594504
-0.3775969967611773
-0.3800648463487567
-0.3788667096874326
-0.37703973378203276
-0.3782373888398847
-0.3793324547829268
-0.3801156178130681
-0.38246692570814195
-0.3805256721833194
-0.3800312595496558
-0.37905310423672245
-0.37888794417866334
-0.3798118169851101
-0.37980581166253935
-0.3793617760753889
-0.3795034222878241
-0.3781409789841835
-0.37850750183486875
-0.38014709232005706
-0.3854488613389366
-0.3806642158036579
-0.3812700118122267
-0.38091167153507866
-0.38103376093055064
-0.37951295892086084
-0.37948229198956124
-0.3827510254740134
-0.3809270087068236
-0.3790464157185048
-0.3803795321797622
-0.37825944514267823
-0.3828030711336198
-0.3800691891812762
-0.379215770107539
-0.3800281137469837
-0.3786233153920446
-0.37954709709348106
-0.37860088947248993
-0.3791711721077148
-0.38045337538073015
-0.3810815969011369
-0.37832535343359935
-0.3794804356466709
-0.37829069219403083
-0.37849665198754623
-0.3805093210112822
-0.3802638060247235
-0.3804534489183272
-0.38210237221562654
-0.3807045231719682
-0.3807886890760253
-0.3786447436215282
-0.3767673639610545
-0.3801853251356776
-0.38005714173373595
-0.3791347145205401
-0.3801523405308659
-0.3824638892880417
-0.380591095254333
-0.37927120308628276
-0.3824096733248264
-0.37933740782464215
-0.37975875231331313
-0.37686041016826527
-0.37943815934820274
-0.37936407844107
-0.3770409203048172
-0.3802893173632467
-0.3819423983240211
-0.3802412678984968
-0.3786893773337774
-0.38196134578777197
-0.3796569462257065
-0.3808955416202582
-0.3805531447337049
-0.3816704772090043
-0.38255447045390084
-0.38127868910625445
-0.3791308880056129
-0.38031252474438876
-0.38152115581727974
-0.37846652756483706
-0.37937546590538096
-0.38135635614885177
-0.3789540113225101
-0.38129642599898234
-0.37973267538135996
-0.37995425115354253
-0.38104172134173986
-0.3805908316833958
-0.38038980551183504
-0.3796496962746702
-0.3804318978164781
-0.37849145888553876
