-72.03990843871532
-47.731775052584105
-47.899935902384705
-47.27712154124253
-47.46525631865585
-45.22165810625971
-46.781268864324204
-46.71577436203539
-46.7946329556939
-46.9730886599857
-44.44845897188955
-45.64436692176655
-46.261422446128215
-48.003448616378414
-46.691603680942954
-58.09519500213381
-37.459355234868234
-46.05554626013179
-44.67827686837784
-60.62059429843859
-59.7925437026065
-34.33232392692555
-46.67467648704091
-45.79458333102451
-48.592936915763495
-47.996143570694045
-46.92889034638491
-46.3076005176388
-46.871079902954236
-48.51595847700147
-46.84740882773044
-46.77311874021278
-46.741766795966775
-47.01512019820056
-46.26778620661358
-46.63978269350098
-48.5641838878289
-31.601332386547966
-59.905754667969724
-34.41549684934537
-46.56942326995421
-46.9306584230592
-46.70889927181912
-47.27096761902821
-48.90608318048992
-42.879218694509184
-48.53314145948089
-45.55800345413592
-46.53073336748794
-47.14387369767496
-45.07550692213324
-45.47403054003625
-46.19176137190065
-48.14456281765969
-47.80050305304083
-45.3931577340707
-47.69697390030268
-46.74491362878648
-46.73509107608351
-47.261863449842465
-46.70764382218975
-46.701114496128056
-46.9242590561046
-48.03816654386017
-46.623785764038395
-47.897382186373086
-46.765880701188195
-47.19445347739773
-47.539112110958115
-45.7322216412198
-44.547914145419185
-35.46387318295819
-48.23465811543209
-45.8502124176167
-49.126596746011096
-47.38814599773401
-46.50497517446636
-48.115725481250024
-47.911008648645485
-46.8681557438473
-44.222871299986856
-46.958852111871025
-47.66533049449496
-34.33042743620651
-46.83466374443721
-48.37559044360454
-46.748532200834475
-46.76743152274311
-48.80477472497142
-46.10770114264085
-47.31690465954484
-46.5428822275478
-48.21210987154751
-46.86911168925984
-59.15375958247381
-46.49879183914965
-45.878975822559525
-46.52368928281132
-47.43711908380964
-46.36179750018452
-47.47843420829524
-43.83703726929133
-46.54741062126298
-46.80875244556368
-59.88003185553706
-48.90335920709707
-48.356206129396355
-46.69303565768966
-47.047208843666
-45.42675245407499
-45.242296014570016
-46.71899919379262
-45.26680319685134
-48.08766044794767
-46.74650042878726
-47.27349528418287
-48.14313986535299
-46.63500305236509
-45.009251914830216
-47.0519032115462
-48.04440161288525
-48.59496396872603
-44.69716170322842
-47.90494251308445
-46.86222163395845
-46.78290869764175
-45.39712024903664
-46.98990139092379
-47.02091775651217
-48.58433512498792
-48.2029045887614
-45.40573399739268
-46.748532200834475
-46.60405654344334
-47.049695163383994
-43.122372917554266
-48.54117774519442
-36.83366061345567
-46.750872252807966
-46.11116710220168
-46.675522480773694
-47.284697421942504
-60.13541351869203
-46.751587825286165
-45.13014632931141
-45.68235781193599
-47.80724626798517
-46.78071728153804
-46.51869175599504
-36.22955714092365
-33.64133576912451
-46.61930750999655
-34.562428412613414
-47.04525819382751
-45.955730797316
-46.74769609591978
-48.12879649646556
-46.50357598763894
-45.23442269875806
-46.70489944348496
-62.21645505035335
-48.24245860350754
-45.97781463353161
-46.283103188257755
-47.46623409295874
-59.12773598188499
-47.271790647422556
-46.913000410884145
-45.69254775494603
-58.534928108762394
-48.17044122006482
-49.25563108744945
-48.20262630076839
-46.73982890289331
-46.778446028969405
-45.52913686616099
-34.16377779940757
-34.47287016410637
-47.44564987514802
-46.791984806376874
-47.08562445587043
-49.28015970081468
-46.029855058045854
-48.24228458847735
-46.71577436203539
-22.53978516362065
-45.72989115944094
-48.25188430312756
-46.89412433298621
-46.558760441399734
-43.82188962555012
-48.09602254171008
-46.75698450877054
-46.849515039400515
-46.52926717014187
-46.93404378583387
-46.8747185210868
-45.960645001314354
-47.33164946259076
-47.66344876788146
-47.00550139254339
-46.748532200834475
-46.748532200834475
-48.768464885283954
-47.0196644435684
-47.6331989964756
-47.91709100181895
-58.11958069932847
-46.553037948305814
-46.4952676743216
-47.57469931491778
-35.04428246171462
-34.51678036643052
-33.54621683906679
-32.18205344110315
-44.00437777954968
-46.81407241503755
-46.60578633832262
-49.57491465346825
-46.145789272126706
-44.25275552208083
-46.78314752843349
-45.90143077176883
-34.23284386871071
-46.94211460211531
-48.71412543825618
-46.66383143832729
-47.86966454608624
-31.740794389415267
-47.02091775651217
-46.877596905209046
-34.23011179517305
-46.81127942137288
-46.7950812123582
-46.226250763175656
-46.94441453854447
-47.45712218912391
-46.71242432224371
-46.83662334250445
-46.73537239790258
-59.04414444844625
-56.35235145185245
-46.29532973711673
-49.12067468029148
-43.82430917893783
-59.45451881473974
-60.71965572457543
-46.62795271240911
-48.36967154680269
-34.59075207846203
-47.59467542305019
-47.86094448934144
-45.93644387446296
-43.61587030994918
-46.75050041452887
-46.579304214603425
-45.67619171174875
-46.97738404195323
-47.44672076059202
-45.9230486177554
-46.92559088352119
-47.98698090633454
-48.06992168775327
-49.15643860452197
-47.79749415486354
-48.41390869684782
-47.53080862065884
-46.721615541110616
-50.035907690132674
-45.14335407654592
-48.90263004389294
-43.89007117299056
-46.61593955966703
-46.03964604186423
-45.8124643906717
-46.51168113658742
-46.67407756288506
-45.39595070084367
-44.97874421024873
-47.25640947968175
-47.3502013446822
-47.95923645973793
-47.96317452805453
-48.16680561768985
-45.085034368930415
-47.01994921489642
-46.74854046180186
-45.48974421936309
-46.93564186583258
-46.8975173969431
-47.77311159983664
-46.79075999031308
-34.51973062623381
-46.612108123401356
-46.755356834666344
-46.760058879118574
-48.130886789330084
-46.59576763170554
-46.8430141122365
-46.63081942383133
-60.235967989106776
-48.105245012275894
-46.77255510870987
-46.49770746323151
-57.82003000787376
-44.52307773995891
-45.37557825968454
-48.35192600132325
-48.125374216620784
-48.134245864614876
-46.75428383032458
-47.642055455222106
-48.67954895414882
-48.54392198151153
-45.38633310023883
-48.089675827349375
-47.115358098939204
-47.583443848079604
-46.85420190167663
-45.51116189278471
-59.184809007611705
-45.299785940331105
-47.837468798332466
-44.54831353994375
-46.85941697170331
-46.717750787119606
-47.60288597040244
-47.50284298509347
-46.699148786992
-45.872695548668645
-46.18758441980559
-45.88485908347929
-59.27725154789859
-46.495360071241656
-46.771646748197114
-44.5937741152452
-41.9877716192512
-46.900759009489285
-48.412030032738535
-46.067148435121176
-58.944171200697106
-47.339815146433715
-46.940340357168495
-48.22553356619865
-46.506943388160764
-34.342399805943465
-49.14842024799128
-46.748532200834475
-46.73772155901298
-46.65570304376066
-58.10288399656857
-58.61978036867127
-46.739828902893315
-58.167337079066805
-48.441011164865486
-59.23140219636009
-47.94262217694138
-45.46710217080494
-46.48228322802713
-49.480615679085545
-46.751124394853015
-46.66640064297336
-46.01785475566325
-45.78896484621236
-46.49879183914965
-59.20984244142003
-35.74255625077666
-46.74344747494131
-45.581041030038726
-35.79301375666304
-43.83595475496662
-46.84721130422837
-59.49014412696993
-45.90571780771109
-45.39515203534223
-46.89227587002295
-47.29346735568173
-46.506943388160764
-47.481509834136034
-47.44672076059202
-47.44672076059202
-46.797913930022595
-48.168170048133994
-47.56381050697274
-46.52929028025337
-48.13088678933008
-32.579180284418115
-48.83843086070267
-45.37696216658321
-45.138250253596595
-46.799539272119894
-47.45712218912391
-47.209362934089285
-45.51629951028987
-47.48618204664989
-45.15149518251081
-46.59058413596307
-36.09425530900468
-48.62602438785899
-60.0247369407441
-46.60611347662866
-46.80875244556368
-45.46349151303192
-35.95808964809548
-48.56570803478566
-46.901296769963395
-49.515441526546525
-47.43530866294532
-46.38324958344424
-46.573505884245854
-44.38298651624346
-48.437679594287474
-58.92372852695156
-45.55737688154804
-46.32308756275754
-60.94755828794853
-46.03993093706378
-47.43160235948773
-46.916483115493286
-34.731065965634414
-46.673297061230954
-59.1647404747434
-47.0896095852307
-58.188168245441375
-35.28469958868425
-46.233653079451734
-46.782418738023196
-46.748532200834475
-46.99394605779015
-47.90176582007597
-34.811739008359204
-58.08159406316048
-59.30116455217653
-48.03794120087266
-44.97766997574314
-46.74146379223824
-44.58605499659152
-46.91519966424316
-48.250768401357305
-47.39563145438521
-46.72022595452004
-46.61153851348888
-45.761877241156995
-46.924605335910016
-44.088594707891616
-46.486922089344205
-48.25207619467936
-47.54232783414975
-47.539726922372274
-46.46660675844609
-47.46883994887354
-47.2634533352191
-47.56381050697275
-44.95609901625585
-45.430056886398184
-44.3073121854991
-31.70129624939184
-46.885449923486256
-46.65487396468925
-47.127959599297654
-59.177873262755654
-46.86663586676438
-45.670176727317184
-48.05457378927208
-59.02610817536035
-33.435677166991674
-47.72870991028544
-46.79871206294539
-35.02043240021818
-47.12855017729008
-46.89407225243643
-46.63648681483843
-36.2416891551336
-49.25164640484372
-46.96279824469648
-48.083762359326414
-56.859176668326235
-47.238290740476536
-46.88045160201551
-48.100033702217424
-46.76142149827224
-44.97028667557135
-43.57126067396248
-46.739990346250266
-46.748532200834475
-47.38620643486848
-58.15228625065484
-59.674942567639405
-46.99827256251929
-48.412030032738535
-59.1667086884378
-46.83675526346906
-46.81072065925808
-47.41260533829033
-47.15810707774143
-46.57267936134754
-46.67946613153133
-33.678009271788355
-46.52929028025337
-46.36595044434087
-72.77713829726585
-59.099957417236
-59.51298063942254
-46.43393230697325
-52.219169246114305
-72.53925497373203
-34.166319400085094
-59.16670868843781
-59.099957417236006
-34.342399805943465
-62.082593447982816
-61.38754408981981
-62.48142016318294
-46.71437890643651
-72.40852336799058
-71.45645443839648
-47.0395364808871
-71.90545476212188
-58.48425452228076
-72.27406969139714
-72.77713829726585
-71.90545476212188
-28.765637469430043
-59.15546274473372
-36.06006312181486
-48.75087956322811
-72.40852336799058
-58.360642071495704
-72.4581022510734
-71.653746435854
-50.03746151394715
-71.06961878510532
-73.12372308665753
-71.28814267768935
-71.5959473658056
-45.304990646715936
-48.94692176770316
-72.97503312476904
-69.37032141961315
-72.97503312476904
-59.099957417236
-48.74796228969967
-72.97503312476904
-57.5812334387675
-62.944890995972585
-72.36632802791124
-61.84262277294562
-72.47179380223561
-59.053239823982295
-72.92929571490501
-73.07435173612089
-73.25646296569762
-71.39742105640487
-72.15646352491436
-72.63896909458497
-72.9810683227756
-59.2295235322508
-71.32054340499727
-61.12412767389755
-72.9810683227756
-47.55207303293935
-72.58499490906185
-72.9810683227756
-46.05222230518621
-72.56732354501295
-70.18517000526131
-68.1035888882592
-69.74551520524236
-71.49145091798414
-72.50637645341752
-69.26290808575679
-71.4292088530223
-69.47544822114106
-71.50915806538356
-70.17368708880787
-73.27700460499314
-49.20971191531351
-63.97853682808592
-71.83935080111078
-73.56422962103987
-72.99564255917387
-59.104846993729105
-71.38781850608906
-58.98538538656008
-72.09358113000764
-48.65487183195187
-70.62386462647369
-68.75620759354405
-70.05298667320616
-70.36132105796193
-48.153615449998426
-71.61129440137138
-61.34555604299798
-71.0385971760839
-62.918266860058296
-73.3672429109172
-59.32764714346911
-73.4935985556045
-73.30304981978017
-45.24894679319032
-63.04887376443497
-73.4935985556045
-71.2089446116289
-73.21070847774241
-73.16927488624532
-73.09249546934362
-59.51801454772664
-73.689875421969
-73.18081021201206
-57.85790718566552
-73.2932846475796
-73.03109678161508
-73.4935985556045
-69.02296916228667
-72.9028838825085
-58.25458138624211
-72.56194572325556
-73.4543201093756
-73.05671339904112
-72.90085346458301
-46.86911168925984
-73.689875421969
-73.5048857496381
-73.54650383185569
-73.80811740722537
-70.39715238111738
-73.21876479678221
-71.64129882702787
-46.5557076531389
-73.75943503775633
-73.689875421969
-73.45559826468738
-46.74663571011544
-71.79668002910674
-73.689875421969
-73.75640273924643
-73.04215084706365
-73.7197877823078
-72.56660270513503
-36.54292497628113
-73.82899465354365
-73.82899465354365
-72.94979957801925
-71.29039620869068
-73.85983207520431
-72.82340071905439
-73.75943503775633
-45.231967142993035
-73.17463504077104
-46.61397134597262
-61.77844368345604
-72.13397522454449
-73.82899465354365
-73.75943503775633
-73.52273982016834
-72.24987192112053
-57.775484958425004
-73.5632136808538
-72.38455879747984
-73.90727652032268
-73.50427564407795
-73.360398549385
-45.42675245407499
-73.8835542977635
-60.61299795526529
-73.73873039280471
-72.44199356121939
-73.85326147481979
-73.82899465354365
-73.34215298213084
-61.668046737953006
-72.47879223669686
-72.43699840190881
-49.457236560042716
-48.121603240318606
-73.13073014149471
-73.90727652032268
-73.0455280125812
-71.95822956687111
-73.68701572482577
-69.54498666713644
-72.72370742483214
-72.94963191476424
-72.40141506807002
-73.85556185234374
-73.80135044167687
-70.67946036481007
-70.09786029160037
-73.90424422181277
-73.8295392522606
-72.09535204694163
-73.02441695720229
-71.83110583266851
-70.85311689683961
-73.56555037267867
-46.6841933654558
-47.45319680735037
-73.33639098714806
-73.8295392522606
-73.8598320752043
-69.56957363630336
-74.2048089484497
-69.57111921845521
-69.07712300372587
-46.67027360835418
-73.70729247460477
-60.46521784824225
-58.92932445045944
-71.8690892263289
-59.42862501427244
-71.88752312561391
-48.129947530352354
-46.61924941446795
-48.49991820790351
-74.05604273438618
-46.94204052332905
-68.9140284472029
-73.83183962978455
-73.9567773377574
-71.69705309452172
-74.05604273438618
-48.651741136943386
-74.2048089484497
-72.47881964664256
-73.25617745242414
-72.61329951014784
-73.88749660686821
-70.04902444525082
-73.91224701558558
-59.12159232838
-72.66406123479513
-73.9567773377574
-73.68471534730182
-72.76741727443267
-73.39787567361614
-72.44764184528405
-69.24566913124386
-46.73337499623988
-70.56205226618346
-73.91224701558558
-69.05761805916974
-73.46425818664092
-70.19746137338376
-73.91224701558558
-69.11007048045353
-73.87583860212274
-73.87583860212274
-74.2048089484497
-71.74058286478763
-71.98063637380926
-73.9567773377574
-73.91224701558558
-74.2048089484497
-73.89299227376534
-44.00738250837855
-58.84321392646777
-73.04552801258123
-60.550728888616646
-73.68776126033627
-74.2048089484497
-71.18335572687687
-60.27361978773067
-45.40447668075484
-47.38214020740782
-56.81631584406213
-73.85326147481979
-70.72974673059029
-47.93268295698728
-71.05226733018058
-73.27280088300725
-72.91191157550662
-71.790792373499
-73.4934273824304
-64.28263107955335
-73.91261614336335
-74.2048089484497
-73.5768922771254
-58.63511806859697
-71.49160626710807
-73.71198715569628
-74.2048089484497
-46.93804214060806
-67.04273638865553
-46.92109669252193
-73.68776126033627
-72.59588063637334
-59.187808469298794
-72.17418176819218
-73.48569116219281
-74.2048089484497
-70.35979653153952
-74.02903521163473
-73.5468682557958
-74.2048089484497
-73.68776126033627
-57.916003413139656
-33.38515664419554
-71.48178388877724
-41.92781223423851
-49.57368999129678
-70.66270601406285
-74.2048089484497
-69.35204527084699
-73.91224701558558
-59.67930869991067
-69.88352447598207
-73.85326147481979
-74.2048089484497
-59.16065926820089
-73.25857626726469
-32.42105394703107
-57.963122661191974
-74.2048089484497
-69.59323917168346
-49.61565274383816
-68.62945748695877
-69.56105876573739
-45.22599584562441
-73.7437008880676
-70.83541036246214
-74.2048089484497
-46.69127799115636
-74.2048089484497
-57.12626631405043
-74.2048089484497
-73.69909785825851
-69.05274122780767
-46.672864066018896
-71.71595312808078
-73.57018426528673
-73.04410881780501
-70.08744758758722
-73.23781837221685
-70.57913819993406
-59.06580412283804
-73.1360902890238
-73.40195029858211
-68.13267897550548
-61.23815993523116
-74.2048089484497
-48.169314864305804
-73.02301160565709
-72.45941405504297
-46.49536007124166
-72.11601416997172
-47.116159270487444
-62.92383676792257
-73.7815705282224
-47.232675187269166
-58.8069060314079
-46.69676688548737
-59.58975158610608
-46.72382986751265
-59.15377740908355
-69.71560137710743
-70.39350613866549
-70.52623380660386
-73.41607920709554
-46.52929028025337
-74.2048089484497
-46.76005887911858
-32.62748345251871
-69.24566913124386
-73.91224701558558
-59.23442555554891
-45.42675245407499
-58.76338419414091
-34.22823313106376
-72.65838635533038
-74.2048089484497
-73.51921513281829
-59.13272838887669
-72.96876999775094
-69.85523275237259
-73.25295819764338
-73.1849626586865
-60.26830134687579
-74.03626282093171
-58.38129484971165
-59.16366943428679
-73.87583860212274
-70.39540262938452
-74.03626282093171
-72.24422300429657
-70.7498152634586
-74.2048089484497
-46.7438332214567
-74.2048089484497
-71.07634635249352
-71.11720428337878
-33.946906397129965
-59.159639123421734
-47.90443172848126
-46.89354929614313
-34.470951766099546
-46.97871369562727
-71.09519712942813
-73.49137949961532
-48.41590299811936
-71.07141673722569
-61.55656558476348
-74.2048089484497
-49.53688917912937
-74.03626282093171
-74.05604273438618
-63.17313975882997
-72.77010630673668
-62.16355278793213
-58.943302636656796
-46.74491362878648
-51.97877625556244
-45.420661527173
-74.2048089484497
-74.2048089484497
-73.44939474370051
-49.43943583653195
-61.389820833093125
-74.2048089484497
-70.02404427754975
-73.7368424065484
-47.198859063016485
-73.23622038064887
-74.2048089484497
-72.18409826021937
-60.92736616555852
-46.86329629774318
-72.93925060748023
-59.74377029658969
-73.70201034679992
-59.82173360120078
-46.547772253457374
-74.03626282093171
-73.54344102817831
-72.88146877190849
-48.255955608808684
-59.16445776931727
-72.35493462198241
-73.65163549752111
-58.18733912131663
-70.11535349306027
-71.94184875806029
-59.304915820094884
-32.65681748836938
-73.50630180918498
-70.84716414055187
-59.640731912166984
-59.39959388125886
-57.76528444152766
-70.59811355275757
-70.05726554674068
-59.279984615557126
-58.152301300816646
-58.87204883252457
-59.11808957248005
-59.278598867377944
-59.06140918951877
-59.15891456147036
-57.84295375486047
-46.72260772956804
-61.34670500090207
-49.597677011616106
-59.81859213436704
-60.89007266552429
-59.14052164123349
-74.2048089484497
-59.05216378139214
-73.91224701558558
-57.32670927984753
-60.24385642044865
-59.16286181063411
-58.694513323186584
-59.36350346927054
-58.26846391852909
-58.63243997657705
-59.31226672735517
-59.584410626888285
-59.67930869991067
-58.246906147971025
-72.1293193810226
-60.45443408618149
-58.80595601528296
-74.00531298907555
-59.15490821462073
-73.49137949961532
-59.210930233839576
-74.2048089484497
-73.87583860212274
-58.863569943951966
-73.00744551694825
-47.935974810821314
-59.03813167010475
-33.09754077441257
-59.1647404747434
-70.93502853232582
-54.4647418642155
-58.08454954065763
-60.09709921408102
-74.2048089484497
-61.05971951438879
-59.18489144933051
